001100111000000100010000
001100111000000100010000
000011100010010100000100
000011100010010100000100
000011100010010100000100
001111001001100000010011
001111001001100000010011
001111001001100000010011
001101011000011100010001
001101011000011100010001
000111110100110100001001
000111110100110100001001
000011100010010100000100
000011100010010100000100
000011100010010100000100
000011100010010100000100
000011100010010100000100
000011100010010100000100
000011100010010100000100
000011100010010100000100
001010010110100100001101
001010010110100100001101
001010010110100100001101
000011100010010100000100
000011100010010100000100
000011100010010100000100
000011100010010100000100
000011100010010100000100
000011100010010100000100
000011100010010100000100
000011100010010100000100
000011100010010100000100
000011100010010100000100
000111000100101000001000
000111000100101000001000
000011100010010100000100
000011100010010100000100
000011100010010100000100
001101111000101100010010
001101111000101100010010
001100111000000100010000
001100111000000100010000
000011100010010100000100
000011100010010100000100
000011100010010100000100
001111001001100000010011
001111001001100000010011
001111001001100000010011
001101011000011100010001
001101011000011100010001
000111110100110100001001
000111110100110100001001
000011100010010100000100
000011100010010100000100
000011100010010100000100
000011100010010100000100
000011100010010100000100
000011100010010100000100
000011100010010100000100
000011100010010100000100
001010010110100100001101
001010010110100100001101
001010010110100100001101
000011100010010100000100
000011100010010100000100
000011100010010100000100
000011100010010100000100
000011100010010100000100
000011100010010100000100
000011100010010100000100
000011100010010100000100
000011100010010100000100
000011100010010100000100
000111000100101000001000
000111000100101000001000
000011100010010100000100
000011100010010100000100
000011100010010100000100
001101111000101100010010
001101111000101100010010
001011010111010000001111
001011010111010000001111
000011100010010100000100
000011100010010100000100
000011100010010100000100
001111111010000000010101
001111111010000000010101
001111111010000000010101
001100111000000100010000
001100111000000100010000
000011100010010100000100
000011100010010100000100
000111000100101000001000
000111000100101000001000
000111000100101000001000
000011100010010100000100
000011100010010100000100
000011100010010100000100
000011100010010100000100
000011100010010100000100
000111000100101000001000
000111000100101000001000
000111000100101000001000
000110010100001000000111
000110010100001000000111
000011100010010100000100
000011100010010100000100
000011100010010100000100
001111001001100000010011
001111001001100000010011
001111001001100000010011
001111001001100000010011
001111001001100000010011
000110010100001000000111
000110010100001000000111
000011100010010100000100
000011100010010100000100
000011100010010100000100
000111000100101000001000
000111000100101000001000
001011010111010000001111
001011010111010000001111
000011100010010100000100
000011100010010100000100
000011100010010100000100
001111111010000000010101
001111111010000000010101
001111111010000000010101
001100111000000100010000
001100111000000100010000
000011100010010100000100
000011100010010100000100
000111000100101000001000
000111000100101000001000
000111000100101000001000
000011100010010100000100
000011100010010100000100
000011100010010100000100
000011100010010100000100
000011100010010100000100
000111000100101000001000
000111000100101000001000
000111000100101000001000
000110010100001000000111
000110010100001000000111
000011100010010100000100
000011100010010100000100
000011100010010100000100
001111001001100000010011
001111001001100000010011
001111001001100000010011
001111001001100000010011
001111001001100000010011
000110010100001000000111
000110010100001000000111
000011100010010100000100
000011100010010100000100
000011100010010100000100
000111000100101000001000
000111000100101000001000
001011010111010000001111
001011010111010000001111
000011100010010100000100
000011110010011000000101
000011110010011000000101
010000001010001000010110
010000001010001000010110
010000001010001000010110
001101001000001100010001
001101001000001100010001
000011110010011000000101
000011110010011000000101
000111010100101100001001
000111010100101100001001
000111010100101100001001
000011110010011000000101
000011110010011000000101
000011110010011000000101
000011110010011000000101
000011110010011000000101
000111010100101100001001
000111010100101100001001
000111010100101100001001
000110100100001100001000
000110100100001100001000
000011110010011000000101
000011110010011000000101
000011110010011000000101
001111011001101000010100
001111011001101000010100
001111011001101000010100
001111011001101000010100
001111001001100000010011
000110100100001100001000
000110100100001100001000
000011110010011000000101
000011100010010100000100
000011100010010100000100
000111000100101000001000
000111000100101000001000
000011100010010100000100
000011100010010100000100
000011100010010100000100
000011110010011000000101
000011110010011000000101
001100010111101100010000
001100010111101100010000
001100010111101100010000
000011110010011000000101
000011110010011000000101
000110100100001100001000
000110100100001100001000
001111011001101000010100
001111011001101000010100
001111011001101000010100
001110001000110100010011
001110001000110100010011
001110001000110100010011
000011110010011000000101
000011110010011000000101
001101101000100100010010
001101101000100100010010
001101101000100100010010
001110001000110100010011
001110001000110100010011
001000010101001100001011
001000010101001100001011
001000010101001100001011
001111011001101000010100
001111011001101000010100
001101001000001100010001
001101001000001100010001
001101001000001100010001
000011110010011000000101
000011110010011000000101
001111011001101000010100
001111011001101000010100
001111001001100000010011
001110011001000100010010
001110011001000100010010
000011100010010100000100
000011100010010100000100
000011110010011000000101
000011110010011000000101
000011110010011000000101
001100010111101100010000
001100010111101100010000
001100010111101100010000
000011110010011000000101
000011110010011000000101
000110100100001100001000
000110100100001100001000
001111011001101000010100
001111011001101000010100
001111011001101000010100
001110001000110100010011
001110001000110100010011
001110001000110100010011
000011110010011000000101
000011110010011000000101
001101101000100100010010
001101101000100100010010
001101101000100100010010
001110001000110100010011
001110001000110100010011
001000010101001100001011
001000010101001100001011
001000010101001100001011
001111011001101000010100
001111011001101000010100
001101001000001100010001
001101001000001100010001
001101001000001100010001
000011110010011000000101
000011110010011000000101
001111011001101000010100
001111001001100100010011
001111001001100000010011
001110011001000100010010
001110011001000100010010
000011100010010100000100
000011100010010100000100
000011110010011000000101
000011110010011000000101
000011110010011000000101
001100010111101100010000
001100010111101100010000
001100010111101100010000
000011110010011000000101
000011110010011000000101
000110100100001100001000
000110100100001100001000
001111011001101000010100
001111011001101000010100
001111011001101000010100
001110001000110100010011
001110001000110100010011
001110001000110100010011
000011110010011000000101
000011110010011000000101
001101101000100100010010
001101101000100100010010
001101101000100100010010
001110001000110100010011
001110001000110100010011
001000010101001100001011
001000010101001100001011
001000010101001100001011
001111011001101000010100
001111011001101000010100
001101001000001100010001
001101001000001100010001
001101001000001100010001
000011110010011000000101
000011110010011000000101
001111011001101000010100
001111011001101000010100
001111001001100000010011
001110011001000100010010
001110011001000100010010
000011100010010100000100
000011100010010100000100
000011110010011000000101
000011110010011000000101
000011110010011000000101
000011110010011000000101
000011110010011000000101
000011110010011000000101
000011110010011000000101
000011110010011000000101
000011110010011000000101
000011110010011000000101
001111011001101000010100
001111011001101000010100
001111011001101000010100
001100010111101100010000
001100010111101100010000
001100010111101100010000
000011110010011000000101
000011110010011000000101
001110001000110100010011
001110001000110100010011
001110001000110100010011
001101001000001100010001
001101001000001100010001
000110100100001100001000
000110100100001100001000
000110100100001100001000
001111011001101000010100
001111011001101000010100
001100010111101100010000
001100010111101100010000
001100010111101100010000
000011110010011000000101
000011110010011000000101
001111011001101000010100
001111011001101000010100
001111001001100000010011
001100111000000100010000
001100111000000100010000
000011100010010100000100
000011100010010100000100
000011100010010100000100
000011110010011000000101
000011110010011000000101
000011110010011000000101
000011110010011000000101
000011110010011000000101
000011110010011000000101
000011110010011000000101
000011110010011000000101
000011110010011000000101
001111011001101000010100
001111011001101000010100
001111011001101000010100
001100010111101100010000
001100010111101100010000
001100010111101100010000
000011110010011000000101
000011110010011000000101
001110001000110100010011
001110001000110100010011
001110001000110100010011
001101001000001100010001
001101001000001100010001
000110100100001100001000
000110100100001100001000
000110100100001100001000
001111011001101000010100
001111011001101000010100
001100010111101100010000
001100010111101100010000
001100010111101100010000
000011110010011000000101
000011110010011000000101
001111011001101000010100
001111011001101000010100
001111001001100000010011
001100111000000100010000
001100111000000100010000
000011100010010100000100
000011100010010100000100
001101111000101100010010
001101111000101100010010
001110001000110100010011
001110001000110100010011
001110001000110100010011
001110001000110100010011
000011110010011000000101
000011110010011000000101
000011110010011000000101
000011110010011000000101
001110101001001100010011
001110101001001100010011
001110101001001100010011
000111010100101100001001
000111010100101100001001
000111010100101100001001
000011110010011000000101
000011110010011000000101
001101001000001100010001
001101001000001100010001
001101001000001100010001
001100010111101100010000
001100010111101100010000
000011110010011000000101
000011110010011000000101
000011110010011000000101
000011110010011000000101
000011110010011000000101
001100010111101100010000
001100010111101100010000
001100010111101100010000
000011110010011000000101
000011110010011000000101
001101001000001100010001
001101001000001100010001
001100111000000100010000
001100000111101000001111
001100000111101000001111
000011100010010100000100
000011100010010100000100
001101111000101100010010
001101111000101100010010
001110001000110100010011
001110001000110100010011
001110001000110100010011
001110001000110100010011
000011110010011000000101
000011110010011000000101
000011110010011000000101
000011110010011000000101
001110101001001100010011
001110101001001100010011
001110101001001100010011
000111010100101100001001
000111010100101100001001
000111010100101100001001
000011110010011000000101
000011110010011000000101
001101001000001100010001
001101001000001100010001
001101001000001100010001
001100010111101100010000
001100010111101100010000
000011110010011000000101
000011110010011000000101
000011110010011000000101
000011110010011000000101
000011110010011000000101
001100010111101100010000
001100010111101100010000
001100010111101100010000
000011110010011000000101
000011110010011000000101
001101001000001100010001
001101001000001100010001
001100111000000100010000
001100000111101000001111
001100000111101000001111
000011100010010100000100
000011100010010100000100
001111001001100000010011
001111011001101000010100
001111011001101000010100
001011100111010100010000
001011100111010100010000
001011100111010100010000
000011110010011000000101
000011110010011000000101
000110100100001100001000
000110100100001100001000
001100010111101100010000
001100010111101100010000
001100010111101100010000
001000010101001100001011
001000010101001100001011
001000010101001100001011
000011110010011000000101
000011110010011000000101
000111010100101100001001
000111010100101100001001
000111010100101100001001
001101001000001100010001
001101001000001100010001
000011110010011000000101
000011110010011000000101
000011110010011000000101
000111010100101100001001
000111010100101100001001
000011110010011000000101
000011110010011000000101
000011110010011000000101
001000010101001100001011
001000010101001100001011
000011110010011000000101
000011100010010100000100
000011100010010100000100
001011000111000100001110
001011000111000100001110
000011100010010100000100
000011100010010100000100
001111001001100000010011
001111011001101000010100
001111011001101000010100
001011100111010100010000
001011100111010100010000
001011100111010100010000
000011110010011000000101
000011110010011000000101
000110100100001100001000
000110100100001100001000
001100010111101100010000
001100010111101100010000
001100010111101100010000
001000010101001100001011
001000010101001100001011
001000010101001100001011
000011110010011000000101
000011110010011000000101
000111010100101100001001
000111010100101100001001
000111010100101100001001
001101001000001100010001
001101001000001100010001
000011110010011000000101
000011110010011000000101
000011110010011000000101
000111010100101100001001
000111010100101100001001
000011110010011000000101
000011110010011000000101
000011110010011000000101
001000010101001100001011
001000010101001100001011
000011110010011000000101
000011100010010100000100
000011100010010100000100
001011000111000100001110
001011000111000100001110
000011100010010100000100
000011100010010100000100
001111001001100000010011
001111011001101000010100
001111011001101000010100
001011100111010100010000
001011100111010100010000
001011100111010100010000
000011110010011000000101
000011110010011000000101
000110100100001100001000
000110100100001100001000
001100010111101100010000
001100010111101100010000
001100010111101100010000
001000010101001100001011
001000010101001100001011
001000010101001100001011
000011110010011000000101
000011110010011000000101
000111010100101100001001
000111010100101100001001
000111010100101100001001
001101001000001100010001
001101001000001100010001
000011110010011000000101
000011110010011000000101
000011110010011000000101
000111010100101100001001
000111010100101100001001
000011110010011000000101
000011110010011000000101
000011110010011000000101
001000010101001100001011
001000010101001100001011
000011110010011000000101
000011100010010100000100
000011100010010100000100
001011000111000100001110
001011000111000100001110
000111000100101000001000
000111000100101000001000
001100111000000100010000
001101001000001100010001
001101001000001100010001
000011110010011000000101
000011110010011000000101
000011110010011000000101
000110100100001100001000
000110100100001100001000
000111010100101100001001
000111010100101100001001
000011110010011000000101
000011110010011000000101
000011110010011000000101
001110001000110100010011
001110001000110100010011
001110001000110100010011
001110101001001100010011
001110101001001100010011
000011110010011000000101
000011110010011000000101
000011110010011000000101
000011110010011000000101
000011110010011000000101
001001000101101000001100
001001000101101000001100
001001000101101000001100
000011110010011000000101
000011110010011000000101
000011110010011000000101
000011110010011000000101
000011110010011000000101
000111010100101100001001
000111010100101100001001
000111010100101100001001
000111000100101000001000
000111000100101000001000
001000000101001000001010
001000000101001000001010
000111000100101000001000
000111000100101000001000
001100111000000100010000
001101001000001100010001
001101001000001100010001
000011110010011000000101
000011110010011000000101
000011110010011000000101
000110100100001100001000
000110100100001100001000
000111010100101100001001
000111010100101100001001
000011110010011000000101
000011110010011000000101
000011110010011000000101
001110001000110100010011
001110001000110100010011
001110001000110100010011
001110101001001100010011
001110101001001100010011
000011110010011000000101
000011110010011000000101
000011110010011000000101
000011110010011000000101
000011110010011000000101
001001000101101000001100
001001000101101000001100
001001000101101000001100
000011110010011000000101
000011110010011000000101
000011110010011000000101
000011110010011000000101
000011110010011000000101
000111010100101100001001
000111010100101100001001
000111010100101100001001
000111000100101000001000
000111000100101000001000
001000000101001000001010
001000000101001000001010
000111000100101000001000
000111000100101000001000
001100111000000100010000
001101001000001100010001
001101001000001100010001
000011110010011000000101
000011110010011000000101
000011110010011000000101
000110100100001100001000
000110100100001100001000
000111010100101100001001
000111010100101100001001
000011110010011000000101
000011110010011000000101
000011110010011000000101
001110001000110100010011
001110001000110100010011
001110001000110100010011
001110101001001100010011
001110101001001100010011
000011110010011000000101
000011110010011000000101
000011110010011000000101
000011110010011000000101
000011110010011000000101
001001000101101000001100
001001000101101000001100
001001000101101000001100
000011110010011000000101
000011110010011000000101
000011110010011000000101
000011110010011000000101
000011110010011000000101
000111010100101100001001
000111010100101100001001
000111010100101100001001
000111000100101000001000
000111000100101000001000
001000000101001000001010
001000000101001000001010
001101111000101100010010
001101111000101100010010
001111111010000000010101
010000001010001000010110
010000001010001000010110
000011110010011000000101
000011110010011000000101
000011110010011000000101
001110101001001100010011
001110101001001100010011
001111011001101000010100
001111011001101000010100
000111010100101100001001
000111010100101100001001
000111010100101100001001
001111011001101000010100
001111011001101000010100
001111011001101000010100
001100010111101100010000
001100010111101100010000
000011110010011000000101
000011110010011000000101
000011110010011000000101
001110101001001100010011
001110101001001100010011
010000001010001000010110
010000001010001000010110
010000001010001000010110
000111010100101100001001
000111010100101100001001
000011110010011000000101
000011110010011000000101
000011110010011000000101
000111010100101100001001
000111010100101100001001
000011110010011000000101
000011100010010100000100
000011100010010100000100
001000000101001000001010
001000000101001000001010
001101111000101100010010
001101111000101100010010
001111111010000000010101
010000001010001000010110
010000001010001000010110
000011110010011000000101
000011110010011000000101
000011110010011000000101
001110101001001100010011
001110101001001100010011
001111011001101000010100
001111011001101000010100
000111010100101100001001
000111010100101100001001
000111010100101100001001
001111011001101000010100
001111011001101000010100
001111011001101000010100
001100010111101100010000
001100010111101100010000
000011110010011000000101
000011110010011000000101
000011110010011000000101
001110101001001100010011
001110101001001100010011
010000001010001000010110
010000001010001000010110
010000001010001000010110
000111010100101100001001
000111010100101100001001
000011110010011000000101
000011110010011000000101
000011110010011000000101
000111010100101100001001
000111010100101100001001
000011110010011000000101
000011100010010100000100
000011100010010100000100
001000000101001000001010
001000000101001000001010
001111111010000000010101
001111111010000000010101
001100000111101000001111
001100010111101100010000
001100010111101100010000
000011110010011000000101
000011110010011000000101
000011110010011000000101
001101101000100100010010
001101101000100100010010
001101001000001100010001
001101001000001100010001
000111010100101100001001
000111010100101100001001
000111010100101100001001
001111011001101000010100
001111011001101000010100
001111011001101000010100
001100010111101100010000
001100010111101100010000
000011110010011000000101
000011110010011000000101
000011110010011000000101
001101001000001100010001
001101001000001100010001
001100010111101100010000
001100010111101100010000
001100010111101100010000
000011110010011000000101
000011110010011000000101
000011110010011000000101
000011110010011000000101
000011110010011000000101
010000001010001000010110
010000001010001000010110
001101101000100100010010
001101011000011100010001
001101011000011100010001
000111000100101000001000
000111000100101000001000
001111111010000000010101
001111111010000000010101
001100000111101000001111
001100010111101100010000
001100010111101100010000
000011110010011000000101
000011110010011000000101
000011110010011000000101
001101101000100100010010
001101101000100100010010
001101001000001100010001
001101001000001100010001
000111010100101100001001
000111010100101100001001
000111010100101100001001
001111011001101000010100
001111011001101000010100
001111011001101000010100
001100010111101100010000
001100010111101100010000
000011110010011000000101
000011110010011000000101
000011110010011000000101
001101001000001100010001
001101001000001100010001
001100010111101100010000
001100010111101100010000
001100010111101100010000
000011110010011000000101
000011110010011000000101
000011110010011000000101
000011110010011000000101
000011110010011000000101
010000001010001000010110
010000001010001000010110
001101101000100100010010
001101011000011100010001
001101011000011100010001
000111000100101000001000
000111000100101000001000
001111111010000000010101
001111111010000000010101
001100000111101000001111
001100010111101100010000
001100010111101100010000
000011110010011000000101
000011110010011000000101
000011110010011000000101
001101101000100100010010
001101101000100100010010
001101001000001100010001
001101001000001100010001
000111010100101100001001
000111010100101100001001
000111010100101100001001
001111011001101000010100
001111011001101000010100
001111011001101000010100
001100010111101100010000
001100010111101100010000
000011110010011000000101
000011110010011000000101
000011110010011000000101
001101001000001100010001
001101001000001100010001
001100010111101100010000
001100010111101100010000
001100010111101100010000
000011110010011000000101
000011110010011000000101
000011110010011000000101
000011110010011000000101
000011110010011000000101
010000001010001000010110
010000001010001000010110
001101101000100100010010
001101011000011100010001
001101011000011100010001
000111000100101000001000
000111000100101000001000
001100000111101000001111
001100000111101000001111
000110010100001000000111
000110100100001100001000
000110100100001100001000
000011110010011000000101
000011110010011000000101
000011110010011000000101
000111010100101100001001
000111010100101100001001
001100010111101100010000
001100010111101100010000
000011110010011000000101
000011110010011000000101
000011110010011000000101
001101001000001100010001
001101001000001100010001
001101001000001100010001
000011110010011000000101
000011110010011000000101
000111010100101100001001
000111010100101100001001
000111010100101100001001
000011110010011000000101
000011110010011000000101
001101001000001100010001
001101001000001100010001
001101001000001100010001
000011110010011000000101
000011110010011000000101
000111010100101100001001
000111010100101100001001
000111010100101100001001
001110101001001100010011
001110101001001100010011
001101001000001100010001
001100111000000100010000
001100111000000100010000
000011100010010100000100
000011100010010100000100
001100000111101000001111
001100000111101000001111
000110010100001000000111
000110100100001100001000
000110100100001100001000
000011110010011000000101
000011110010011000000101
000011110010011000000101
000111010100101100001001
000111010100101100001001
001100010111101100010000
001100010111101100010000
000011110010011000000101
000011110010011000000101
000011110010011000000101
001101001000001100010001
001101001000001100010001
001101001000001100010001
000011110010011000000101
000011110010011000000101
000111010100101100001001
000111010100101100001001
000111010100101100001001
000011110010011000000101
000011110010011000000101
001101001000001100010001
001101001000001100010001
001101001000001100010001
000011110010011000000101
000011110010011000000101
000111010100101100001001
000111010100101100001001
000111010100101100001001
001110101001001100010011
001110101001001100010011
001101001000001100010001
001100111000000100010000
001100111000000100010000
000011100010010100000100
000011100010010100000100
001000000101001000001010
001000000101001000001010
000011100010010100000100
000011110010011000000101
000011110010011000000101
000011110010011000000101
000011110010011000000101
000011110010011000000101
000011110010011000000101
000011110010011000000101
000011110010011000000101
000011110010011000000101
000110100100001100001000
000110100100001100001000
000110100100001100001000
000111010100101100001001
000111010100101100001001
000111010100101100001001
000011110010011000000101
000011110010011000000101
001110101001001100010011
001110101001001100010011
001110101001001100010011
001110101001001100010011
001110101001001100010011
000011110010011000000101
000011110010011000000101
000011110010011000000101
000011110010011000000101
000011110010011000000101
000110100100001100001000
000110100100001100001000
000110100100001100001000
001101001000001100010001
001101001000001100010001
000011110010011000000101
000011100010010100000100
000011100010010100000100
000011100010010100000100
000011100010010100000100
001000000101001000001010
001000000101001000001010
000011100010010100000100
000011110010011000000101
000011110010011000000101
000011110010011000000101
000011110010011000000101
000011110010011000000101
000011110010011000000101
000011110010011000000101
000011110010011000000101
000011110010011000000101
000110100100001100001000
000110100100001100001000
000110100100001100001000
000111010100101100001001
000111010100101100001001
000111010100101100001001
000011110010011000000101
000011110010011000000101
001110101001001100010011
001110101001001100010011
001110101001001100010011
001110101001001100010011
001110101001001100010011
000011110010011000000101
000011110010011000000101
000011110010011000000101
000011110010011000000101
000011110010011000000101
000110100100001100001000
000110100100001100001000
000110100100001100001000
001101001000001100010001
001101001000001100010001
000011110010011000000101
000011100010010100000100
000011100010010100000100
000011100010010100000100
000011100010010100000100
001000000101001000001010
001000000101001000001010
000011100010010100000100
000011110010011000000101
000011110010011000000101
000011110010011000000101
000011110010011000000101
000011110010011000000101
000011110010011000000101
000011110010011000000101
000011110010011000000101
000011110010011000000101
000110100100001100001000
000110100100001100001000
000110100100001100001000
000111010100101100001001
000111010100101100001001
000111010100101100001001
000011110010011000000101
000011110010011000000101
001110101001001100010011
001110101001001100010011
001110101001001100010011
001110101001001100010011
001110101001001100010011
000011110010011000000101
000011110010011000000101
000011110010011000000101
000011110010011000000101
000011110010011000000101
000110100100001100001000
000110100100001100001000
000110100100001100001000
001101001000001100010001
001101001000001100010001
000011110010011000000101
000011100010010100000100
000011100010010100000100
000011100010010100000100
000011100010010100000100
001111001001100000010011
001111001001100000010011
000011100010010100000100
000011110010011000000101
000011110010011000000101
001111011001101000010100
001111011001101000010100
001111011001101000010100
001111011001101000010100
001111011001101000010100
000011110010011000000101
000011110010011000000101
000011110010011000000101
000011110010011000000101
000011110010011000000101
000011110010011000000101
000011110010011000000101
000011110010011000000101
000011110010011000000101
000011110010011000000101
001111011001101000010100
001111011001101000010100
001111011001101000010100
001101001000001100010001
001101001000001100010001
000011110010011000000101
000011110010011000000101
000011110010011000000101
001110101001001100010011
001110101001001100010011
001011100111010100010000
001011100111010100010000
001011100111010100010000
000011110010011000000101
000011110010011000000101
000111010100101100001001
000111000100101000001000
000111000100101000001000
001110011001000100010010
001110011001000100010010
001111001001100000010011
001111001001100000010011
000011100010010100000100
000011110010011000000101
000011110010011000000101
001111011001101000010100
001111011001101000010100
001111011001101000010100
001111011001101000010100
001111011001101000010100
000011110010011000000101
000011110010011000000101
000011110010011000000101
000011110010011000000101
000011110010011000000101
000011110010011000000101
000011110010011000000101
000011110010011000000101
000011110010011000000101
000011110010011000000101
001111011001101000010100
001111011001101000010100
001111011001101000010100
001101001000001100010001
001101001000001100010001
000011110010011000000101
000011110010011000000101
000011110010011000000101
001110101001001100010011
001110101001001100010011
001011100111010100010000
001011100111010100010000
001011100111010100010000
000011110010011000000101
000011110010011000000101
000111010100101100001001
000111000100101000001000
000111000100101000001000
001110011001000100010010
001110011001000100010010
001100000111101000001111
001100000111101000001111
000011100010010100000100
000011110010011000000101
000011110010011000000101
001111011001101000010100
001111011001101000010100
001111011001101000010100
001101001000001100010001
001101001000001100010001
000011110010011000000101
000011110010011000000101
001110101001001100010011
001110101001001100010011
001110101001001100010011
001111011001101000010100
001111011001101000010100
001111011001101000010100
000011110010011000000101
000011110010011000000101
000011110010011000000101
000011110010011000000101
000011110010011000000101
001100010111101100010000
001100010111101100010000
000011110010011000000101
000011110010011000000101
000011110010011000000101
001101001000001100010001
001101001000001100010001
001100010111101100010000
001100010111101100010000
001100010111101100010000
000011110010011000000101
000011110010011000000101
000110100100001100001000
000110010100001000000111
000110010100001000000111
001110011001000100010010
001110011001000100010010
001100000111101000001111
001100000111101000001111
000011100010010100000100
000011110010011000000101
000011110010011000000101
001111011001101000010100
001111011001101000010100
001111011001101000010100
001101001000001100010001
001101001000001100010001
000011110010011000000101
000011110010011000000101
001110101001001100010011
001110101001001100010011
001110101001001100010011
001111011001101000010100
001111011001101000010100
001111011001101000010100
000011110010011000000101
000011110010011000000101
000011110010011000000101
000011110010011000000101
000011110010011000000101
001100010111101100010000
001100010111101100010000
000011110010011000000101
000011110010011000000101
000011110010011000000101
001101001000001100010001
001101001000001100010001
001100010111101100010000
001100010111101100010000
001100010111101100010000
000011110010011000000101
000011110010011000000101
000110100100001100001000
000110010100001000000111
000110010100001000000111
001110011001000100010010
001110011001000100010010
001100000111101000001111
001100000111101000001111
000011100010010100000100
000011110010011000000101
000011110010011000000101
001111011001101000010100
001111011001101000010100
001111011001101000010100
001101001000001100010001
001101001000001100010001
000011110010011000000101
000011110010011000000101
001110101001001100010011
001110101001001100010011
001110101001001100010011
001111011001101000010100
001111011001101000010100
001111011001101000010100
000011110010011000000101
000011110010011000000101
000011110010011000000101
000011110010011000000101
000011110010011000000101
001100010111101100010000
001100010111101100010000
000011110010011000000101
000011110010011000000101
000011110010011000000101
001101001000001100010001
001101001000001100010001
001100010111101100010000
001100010111101100010000
001100010111101100010000
000011110010011000000101
000011110010011000000101
000110100100001100001000
000110010100001000000111
000110010100001000000111
001110011001000100010010
001110011001000100010010
001100111000000100010000
001100111000000100010000
000011100010010100000100
000011110010011000000101
000011110010011000000101
001000000100111000001010
001000000100111000001010
001000000100111000001010
001101001000001100010001
001101001000001100010001
000011110010011000000101
000011110010011000000101
001110101001001100010011
001110101001001100010011
001110101001001100010011
001100010111101100010000
001100010111101100010000
001100010111101100010000
000011110010011000000101
000011110010011000000101
000011110010011000000101
000011110010011000000101
000011110010011000000101
000110100100001100001000
000110100100001100001000
000011110010011000000101
000011110010011000000101
000011110010011000000101
001101001000001100010001
001101001000001100010001
000110100100001100001000
000110100100001100001000
000110100100001100001000
001111011001101000010100
001111011001101000010100
001110101001001100010011
001110011001000100010010
001110011001000100010010
000011100010010100000100
000011100010010100000100
001100111000000100010000
001100111000000100010000
000011100010010100000100
000011100010010100000100
000011110010011000000101
001000000100111000001010
001000000100111000001010
001000000100111000001010
001101001000001100010001
001101001000001100010001
000011110010011000000101
000011110010011000000101
001110101001001100010011
001110101001001100010011
001110101001001100010011
001100010111101100010000
001100010111101100010000
001100010111101100010000
000011110010011000000101
000011110010011000000101
000011110010011000000101
000011110010011000000101
000011110010011000000101
000110100100001100001000
000110100100001100001000
000011110010011000000101
000011110010011000000101
000011110010011000000101
001101001000001100010001
001101001000001100010001
000110100100001100001000
000110100100001100001000
000110100100001100001000
001111011001101000010100
001111011001101000010100
001110101001001100010011
001110011001001000010010
001110011001000100010010
000011100010010100000100
000011100010010100000100
001000110101100100001011
001000110101100100001011
000011100010010100000100
000011100010010100000100
000011110010011000000101
000011110010011000000101
000011110010011000000101
000011110010011000000101
001000000100111000001010
001000000100111000001010
001000000100111000001010
001000000100111000001010
001011100111010100010000
001011100111010100010000
001011100111010100010000
000011110010011000000101
000011110010011000000101
000011110010011000000101
000011110010011000000101
000011110010011000000101
000011110010011000000101
000011110010011000000101
000011110010011000000101
001001000101101000001100
001001000101101000001100
000110100100001100001000
000110100100001100001000
000110100100001100001000
001101001000001100010001
001101001000001100010001
000011110010011000000101
000011110010011000000101
000011110010011000000101
001111011001101000010100
001111011001101000010100
001101001000001100010001
001101001000001100010001
001100111000000100010000
000111000100101000001000
000111000100101000001000
001000110101100100001011
001000110101100100001011
000011100010010100000100
000011100010010100000100
000011100010010100000100
000011110010011000000101
000011110010011000000101
000011110010011000000101
001000000100111000001010
001000000100111000001010
001000000100111000001010
001000000100111000001010
001011100111010100010000
001011100111010100010000
001011100111010100010000
000011110010011000000101
000011110010011000000101
000011110010011000000101
000011110010011000000101
000011110010011000000101
000011110010011000000101
000011110010011000000101
000011110010011000000101
001001000101101000001100
001001000101101000001100
000110100100001100001000
000110100100001100001000
000110100100001100001000
001101001000001100010001
001101001000001100010001
000011110010011000000101
000011110010011000000101
000011110010011000000101
001111011001101000010100
001111011001101000010100
001101001000001100010001
001100111000001000010000
001100111000000100010000
000111000100101000001000
000111000100101000001000
001000110101100100001011
001000110101100100001011
000011100010010100000100
000011100010010100000100
000011100010010100000100
000011100010010100000100
000011100010010100000100
000011100010010100000100
000111110100110100001001
000111110100110100001001
000111110100110100001001
000111110100110100001001
001011010111010000001111
001011010111010000001111
001011010111010000001111
000011100010010100000100
000011100010010100000100
000011100010010100000100
000011100010010100000100
000011100010010100000100
000011100010010100000100
000011100010010100000100
000011100010010100000100
001000110101100100001011
001000110101100100001011
000110010100001000000111
000110010100001000000111
000110010100001000000111
001100111000000100010000
001100111000000100010000
000011100010010100000100
000011100010010100000100
000011100010010100000100
001111001001100000010011
001111001001100000010011
001100111000000100010000
001100111000000100010000
001100111000000100010000
000111000100101000001000
000111000100101000001000
001100111000000100010000
001100111000000100010000
000011100010010100000100
000011100010010100000100
000011100010010100000100
000011100010010100000100
000011100010010100000100
000011100010010100000100
000011100010010100000100
000011100010010100000100
000011100010010100000100
000011100010010100000100
001100111000000100010000
001100111000000100010000
001100111000000100010000
000011100010010100000100
000011100010010100000100
000011100010010100000100
000111000100101000001000
000111000100101000001000
001110011001000100010010
001110011001000100010010
001110011001000100010010
001111001001100000010011
001111001001100000010011
000111000100101000001000
000111000100101000001000
000111000100101000001000
000011100010010100000100
000011100010010100000100
000011100010010100000100
000011100010010100000100
000011100010010100000100
001100000111101000001111
001100000111101000001111
000111000100101000001000
000111000100101000001000
000111000100101000001000
001111001001100000010011
001111001001100000010011
001100111000000100010000
001100111000000100010000
000011100010010100000100
000011100010010100000100
000011100010010100000100
000011100010010100000100
000011100010010100000100
000011100010010100000100
000011100010010100000100
000011100010010100000100
000011100010010100000100
000011100010010100000100
001100111000000100010000
001100111000000100010000
001100111000000100010000
000011100010010100000100
000011100010010100000100
000011100010010100000100
000111000100101000001000
000111000100101000001000
001110011001000100010010
001110011001000100010010
001110011001000100010010
001111001001100000010011
001111001001100000010011
000111000100101000001000
000111000100101000001000
000111000100101000001000
000011100010010100000100
000011100010010100000100
000011100010010100000100
000011100010010100000100
000011100010010100000100
001100000111101000001111
001100000111101000001111
000111000100101000001000
000111000100101000001000
000111000100101000001000
001111001001100000010011
001111001001100000010011
