010011000100000111110100
010011000100000111110100
010001100011001111111110
010001100011001111111110
010001100011001111111110
001101100011110011111111
001101100011110011111111
010011010011001011111100
010011010011001011111100
010011010011001011111100
010010100010110111111111
010010100010110111111111
001111110011001011111101
001111110011001011111101
001111110011001011111101
010000100011010111111111
010000100011010111111111
010000110011011011111111
010000110011011011111111
010000110011011011111111
010010010011110011111111
010010010011110011111111
010000100011010111111111
010000100011010111111111
010000100011010111111111
010000110011010111111111
010000110011010111111111
010001000011011011111111
010001000011011011111111
010001000011011011111111
010010010011101111111111
010010010011101111111111
010011000100000011110111
010011000100000011110111
010011000100000011110111
010110010100101111111111
010110010100101111111111
010100100100000111100110
010100100100000111100110
010100100100000111100110
010011000100000111110100
010011000100000111110100
010001100011001111111110
010001100011001111111110
010001100011001111111110
001101100011110011111111
001101100011110011111111
010011010011001011111100
010011010011001011111100
010011010011001011111100
010010100010110111111111
010010100010110111111111
001111110011001011111101
001111110011001011111101
001111110011001011111101
010000100011010111111111
010000100011010111111111
010000110011011011111111
010000110011011011111111
010000110011011011111111
010010010011110011111111
010010010011110011111111
010000100011010111111111
010000100011010111111111
010000100011010111111111
010000110011010111111111
010000110011010111111111
010001000011011011111111
010001000011011011111111
010001000011011011111111
010010010011101111111111
010010010011101111111111
010011000100000011110111
010011000100000011110111
010011000100000011110111
010110010100101111111111
010110010100101111111111
010100100100000111100110
010100100100000111100110
010100100100000111100110
010011000011100111111111
010011000011100111111111
010011110011011011111111
010011110011011011111111
010011110011011011111111
010000010100101011111110
010000010100101011111110
010010000100000111110010
010010000100000111110010
010010000100000111110010
010011100100111111111111
010011100100111111111111
010010000100011111111100
010010000100011111111100
010010000100011111111100
010011000100101111111111
010011000100101111111111
010001110100010111111101
010001110100010111111101
010001110100010111111101
010010000100011011111110
010010000100011011111110
010011010100101111111111
010011010100101111111111
010011010100101111111111
010010000100011011111111
010010000100011011111111
001110100011100011110010
001110100011100011110010
001110100011100011110010
010001000100001011111100
010001000100001011111100
010001110011110011111111
010001110011110011111111
010001110011110011111111
001110110010101111111111
001110110010101111111111
010010110011011011111111
010010110011011011111111
010010110011011011111111
010011000011100111111111
010011000011100111111111
010011110011011011111111
010011110011011011111111
010011110011011011111111
010000010100101011111110
010000010100101011111110
010010000100000111110010
010010000100000111110010
010010000100000111110010
010011100100111111111111
010011100100111111111111
010010000100011111111100
010010000100011111111100
010010000100011111111100
010011000100101111111111
010011000100101111111111
010001110100010111111101
010001110100010111111101
010001110100010111111101
010010000100011011111110
010010000100011011111110
010011010100101111111111
010011010100101111111111
010011010100101111111111
010010000100011011111111
010010000100011011111111
001110100011100011110010
001110100011100011110010
001110100011100011110010
010001000100001011111100
010001000100001011111100
010001110011110011111111
010001110011110011111111
010001110011110011111111
001110110010101111111111
001110110010101111111111
010010110011011011111111
010010110011011011111111
010010110011011011111111
010011000011100111111111
010011000011100111111111
010011110011011011111111
010011110011011011111111
010011110011011011111111
010000010100101011111110
010000010100101011111110
010010000100000111110010
010010000100000111110010
010010000100000111110010
010011100100111111111111
010011100100111111111111
010010000100011111111100
010010000100011111111100
010010000100011111111100
010011000100101111111111
010011000100101111111111
010001110100010111111101
010001110100010111111101
010001110100010111111101
010010000100011011111110
010010000100011011111110
010011010100101111111111
010011010100101111111111
010011010100101111111111
010010000100011011111111
010010000100011011111111
001110100011100011110010
001110100011100011110010
001110100011100011110010
010001000100001011111100
010001000100001011111100
010001110011110011111111
010001110011110011111111
010001110011110011111111
001110110010101111111111
001110110010101111111111
010010110011011011111111
010010110011011011111111
010010110011011011111111
001110000011010011111010
001110000011010011111010
001111110011010111110111
001111110011010111110111
001111110011010111110111
001111010011101011111111
001111010011101011111111
010011110011011011111111
010011110011011011111111
010011110011011011111111
010000010011010111110110
010000010011010111110110
010011100100010011111111
010011100100010011111111
010011100100010011111111
010000010011011111110111
010000010011011111110111
010000110011100111111001
010000110011100111111001
010000110011100111111001
001111100011010011110110
001111100011010011110110
010001000011101011111100
010001000011101011111100
010001000011101011111100
001111110011001111111000
001111110011001111111000
010011010100000111111111
010011010100000111111111
010011010100000111111111
010100000100010011111111
010100000100010011111111
001111000011010011111010
001111000011010011111010
001111000011010011111010
001111110011001111110110
001111110011001111110110
010010100011010111111011
010010100011010111111011
010010100011010111111011
001110000011010011111010
001110000011010011111010
001111110011010111110111
001111110011010111110111
001111110011010111110111
001111010011101011111111
001111010011101011111111
010011110011011011111111
010011110011011011111111
010011110011011011111111
010000010011010111110110
010000010011010111110110
010011100100010011111111
010011100100010011111111
010011100100010011111111
010000010011011111110111
010000010011011111110111
010000110011100111111001
010000110011100111111001
010000110011100111111001
001111100011010011110110
001111100011010011110110
010001000011101011111100
010001000011101011111100
010001000011101011111100
001111110011001111111000
001111110011001111111000
010011010100000111111111
010011010100000111111111
010011010100000111111111
010100000100010011111111
010100000100010011111111
001111000011010011111010
001111000011010011111010
001111000011010011111010
001111110011001111110110
001111110011001111110110
010010100011010111111011
010010100011010111111011
010010100011010111111011
010010100011100111111111
010010100011100111111111
010011000100000111110110
010011000100000111110110
010011000100000111110110
010100010100001011111111
010100010100001011111111
010001000011000111111110
010001000011000111111110
010001000011000111111110
001111000100000011110110
001111000100000011110110
010100110100011111111111
010100110100011111111111
010100110100011111111111
010011010100000111111111
010011010100000111111111
010100100100011011111111
010100100100011011111111
010100100100011011111111
010100100100010011111111
010100100100010011111111
010001110011100111111111
010001110011100111111111
010001110011100111111111
010000000011001011111010
010000000011001011111010
010001110011100011111111
010001110011100011111111
010001110011100011111111
010000000010111111111001
010000000010111111111001
001111010011010011110000
001111010011010011110000
001111010011010011110000
010010100011111011111001
010010100011111011111001
010001010010111111110101
010001010010111111110101
010001010010111111110101
010010100011100111111111
010010100011100111111111
010011000100000111110110
010011000100000111110110
010011000100000111110110
010100010100001011111111
010100010100001011111111
010001000011000111111110
010001000011000111111110
010001000011000111111110
001111000100000011110110
001111000100000011110110
010100110100011111111111
010100110100011111111111
010100110100011111111111
010011010100000111111111
010011010100000111111111
010100100100011011111111
010100100100011011111111
010100100100011011111111
010100100100010011111111
010100100100010011111111
010001110011100111111111
010001110011100111111111
010001110011100111111111
010000000011001011111010
010000000011001011111010
010001110011100011111111
010001110011100011111111
010001110011100011111111
010000000010111111111001
010000000010111111111001
001111010011010011110000
001111010011010011110000
001111010011010011110000
010010100011111011111001
010010100011111011111001
010001010010111111110101
010001010010111111110101
010001010010111111110101
010010100011100111111111
010010100011100111111111
010011000100000111110110
010011000100000111110110
010011000100000111110110
010100010100001011111111
010100010100001011111111
010001000011000111111110
010001000011000111111110
010001000011000111111110
001111000100000011110110
001111000100000011110110
010100110100011111111111
010100110100011111111111
010100110100011111111111
010011010100000111111111
010011010100000111111111
010100100100011011111111
010100100100011011111111
010100100100011011111111
010100100100010011111111
010100100100010011111111
010001110011100111111111
010001110011100111111111
010001110011100111111111
010000000011001011111010
010000000011001011111010
010001110011100011111111
010001110011100011111111
010001110011100011111111
010000000010111111111001
010000000010111111111001
001111010011010011110000
001111010011010011110000
001111010011010011110000
010010100011111011111001
010010100011111011111001
010001010010111111110101
010001010010111111110101
010001010010111111110101
010000100100001011111111
010000100100001011111111
001111000100110011111111
001111000100110011111111
001111000100110011111111
010100000100101111111111
010100000100101111111111
010001010011000111111111
010001010011000111111111
010001010011000111111111
001110100011010011111111
001110100011010011111111
001110100011010011110101
001110100011010011110101
001110100011010011110101
001111100011100011111001
001111100011100011111001
001111010011011111111000
001111010011011111111000
001111010011011111111000
001111110011011111111011
001111110011011111111011
010001100011111011111111
010001100011111011111111
010001100011111011111111
010000010011100111111111
010000010011100111111111
010001100011101111111111
010001100011101111111111
010001100011101111111111
010000010011011011111110
010000010011011011111110
010000110011010111111111
010000110011010111111111
010000110011010111111111
010001000011000111111111
010001000011000111111111
010011010011001111111111
010011010011001111111111
010011010011001111111111
010000100100001011111111
010000100100001011111111
001111000100110011111111
001111000100110011111111
001111000100110011111111
010100000100101111111111
010100000100101111111111
010001010011000111111111
010001010011000111111111
010001010011000111111111
001110100011010011111111
001110100011010011111111
001110100011010011110101
001110100011010011110101
001110100011010011110101
001111100011100011111001
001111100011100011111001
001111010011011111111000
001111010011011111111000
001111010011011111111000
001111110011011111111011
001111110011011111111011
010001100011111011111111
010001100011111011111111
010001100011111011111111
010000010011100111111111
010000010011100111111111
010001100011101111111111
010001100011101111111111
010001100011101111111111
010000010011011011111110
010000010011011011111110
010000110011010111111111
010000110011010111111111
010000110011010111111111
010001000011000111111111
010001000011000111111111
010011010011001111111111
010011010011001111111111
010011010011001111111111
010011010100100011111100
010011010100100011111100
010001100011100011111100
010001100011100011111100
010001100011100011111100
010000100011101111111111
010000100011101111111111
001111010011000011111111
001111010011000011111111
001111010011000011111111
010000000011101011110001
010000000011101011110001
010001100011010011111111
010001100011010011111111
010001100011010011111111
010001000011010111111111
010001000011010111111111
010001110011110011111111
010001110011110011111111
010001110011110011111111
010010100011110111111111
010010100011110111111111
010010000011011011111111
010010000011011011111111
010010000011011011111111
010001100011001011111111
010001100011001011111111
010000100011001011111111
010000100011001011111111
010000100011001011111111
001111100011000011111110
001111100011000011111110
010010110100011111111111
010010110100011111111111
010010110100011111111111
010000100011100011111010
010000100011100011111010
010000110011000011111010
010000110011000011111010
010000110011000011111010
010011010100100011111100
010011010100100011111100
010001100011100011111100
010001100011100011111100
010001100011100011111100
010000100011101111111111
010000100011101111111111
001111010011000011111111
001111010011000011111111
001111010011000011111111
010000000011101011110001
010000000011101011110001
010001100011010011111111
010001100011010011111111
010001100011010011111111
010001000011010111111111
010001000011010111111111
010001110011110011111111
010001110011110011111111
010001110011110011111111
010010100011110111111111
010010100011110111111111
010010000011011011111111
010010000011011011111111
010010000011011011111111
010001100011001011111111
010001100011001011111111
010000100011001011111111
010000100011001011111111
010000100011001011111111
001111100011000011111110
001111100011000011111110
010010110100011111111111
010010110100011111111111
010010110100011111111111
010000100011100011111010
010000100011100011111010
010000110011000011111010
010000110011000011111010
010000110011000011111010
010011010100100011111100
010011010100100011111100
010001100011100011111100
010001100011100011111100
010001100011100011111100
010000100011101111111111
010000100011101111111111
001111010011000011111111
001111010011000011111111
001111010011000011111111
010000000011101011110001
010000000011101011110001
010001100011010011111111
010001100011010011111111
010001100011010011111111
010001000011010111111111
010001000011010111111111
010001110011110011111111
010001110011110011111111
010001110011110011111111
010010100011110111111111
010010100011110111111111
010010000011011011111111
010010000011011011111111
010010000011011011111111
010001100011001011111111
010001100011001011111111
010000100011001011111111
010000100011001011111111
010000100011001011111111
001111100011000011111110
001111100011000011111110
010010110100011111111111
010010110100011111111111
010010110100011111111111
010000100011100011111010
010000100011100011111010
010000110011000011111010
010000110011000011111010
010000110011000011111010
001111000011110011110001
001111000011110011110001
010011000011010011111011
010011000011010011111011
010011000011010011111011
010000010011000111111111
010000010011000111111111
001111100011000011111111
001111100011000011111111
001111100011000011111111
010010010011110111111111
010010010011110111111111
010001100011011011111010
010001100011011011111010
010001100011011011111010
010001010011101011111001
010001010011101011111001
010010000011111111111011
010010000011111111111011
010010000011111111111011
010001100011101111111010
010001100011101111111010
001111100011000011110100
001111100011000011110100
001111100011000011110100
001111110010111011110101
001111110010111011110101
010000110011011111111010
010000110011011111111010
010000110011011111111010
010001100011110111111011
010001100011110111111011
010010010100010011111111
010010010100010011111111
010010010100010011111111
010011010100001011111111
010011010100001011111111
010110010100011011111111
010110010100011011111111
010110010100011011111111
001111000011110011110001
001111000011110011110001
010011000011010011111011
010011000011010011111011
010011000011010011111011
010000010011000111111111
010000010011000111111111
001111100011000011111111
001111100011000011111111
001111100011000011111111
010010010011110111111111
010010010011110111111111
010001100011011011111010
010001100011011011111010
010001100011011011111010
010001010011101011111001
010001010011101011111001
010010000011111111111011
010010000011111111111011
010010000011111111111011
010001100011101111111010
010001100011101111111010
001111100011000011110100
001111100011000011110100
001111100011000011110100
001111110010111011110101
001111110010111011110101
010000110011011111111010
010000110011011111111010
010000110011011111111010
010001100011110111111011
010001100011110111111011
010010010100010011111111
010010010100010011111111
010010010100010011111111
010011010100001011111111
010011010100001011111111
010110010100011011111111
010110010100011011111111
010110010100011011111111
010001100011101011111111
010001100011101011111111
001110110010111011110110
001110110010111011110110
001110110010111011110110
010011100100110111111111
010011100100110111111111
010011100100011111111111
010011100100011111111111
010011100100011111111111
010010100011110111101110
010010100011110111101110
010001110011010111111111
010001110011010111111111
010001110011010111111111
010000100011010111111101
010000100011010111111101
010000100011011111111100
010000100011011111111100
010000100011011111111100
010000110011100011111101
010000110011100011111101
010000110011011011111111
010000110011011011111111
010000110011011011111111
010010010011101011111111
010010010011101011111111
010011100100001111111111
010011100100001111111111
010011100100001111111111
010011010100011111111111
010011010100011111111111
010001010100000011111101
010001010100000011111101
010001010100000011111101
010001010011100111111110
010001010011100111111110
010000100010111111111010
010000100010111111111010
010000100010111111111010
010001100011101011111111
010001100011101011111111
001110110010111011110110
001110110010111011110110
001110110010111011110110
010011100100110111111111
010011100100110111111111
010011100100011111111111
010011100100011111111111
010011100100011111111111
010010100011110111101110
010010100011110111101110
010001110011010111111111
010001110011010111111111
010001110011010111111111
010000100011010111111101
010000100011010111111101
010000100011011111111100
010000100011011111111100
010000100011011111111100
010000110011100011111101
010000110011100011111101
010000110011011011111111
010000110011011011111111
010000110011011011111111
010010010011101011111111
010010010011101011111111
010011100100001111111111
010011100100001111111111
010011100100001111111111
010011010100011111111111
010011010100011111111111
010001010100000011111101
010001010100000011111101
010001010100000011111101
010001010011100111111110
010001010011100111111110
010000100010111111111010
010000100010111111111010
010000100010111111111010
010001100011101011111111
010001100011101011111111
001110110010111011110110
001110110010111011110110
001110110010111011110110
010011100100110111111111
010011100100110111111111
010011100100011111111111
010011100100011111111111
010011100100011111111111
010010100011110111101110
010010100011110111101110
010001110011010111111111
010001110011010111111111
010001110011010111111111
010000100011010111111101
010000100011010111111101
010000100011011111111100
010000100011011111111100
010000100011011111111100
010000110011100011111101
010000110011100011111101
010000110011011011111111
010000110011011011111111
010000110011011011111111
010010010011101011111111
010010010011101011111111
010011100100001111111111
010011100100001111111111
010011100100001111111111
010011010100011111111111
010011010100011111111111
010001010100000011111101
010001010100000011111101
010001010100000011111101
010001010011100111111110
010001010011100111111110
010000100010111111111010
010000100010111111111010
010000100010111111111010
010010010011001111111111
010010010011001111111111
001110100100010011111111
001110100100010011111111
001110100100010011111111
010000000100001011111111
010000000100001011111111
010010110011101011111111
010010110011101011111111
010010110011101011111111
010001100011011011111000
010001100011011011111000
010001110011011111111111
010001110011011111111111
010001110011011111111111
010001000011011111111111
010001000011011111111111
010000010011100011111111
010000010011100011111111
010000010011100011111111
010000000011011111111111
010000000011011111111111
001111100011001011111111
001111100011001011111111
001111100011001011111111
010000000011001011111111
010000000011001011111111
001111100011010111111111
001111100011010111111111
001111100011010111111111
001101110011001111111000
001101110011001111111000
001111000011010111110100
001111000011010111110100
001111000011010111110100
001111100011000111111001
001111100011000111111001
010010110011010111111111
010010110011010111111111
010010110011010111111111
010010010011001111111111
010010010011001111111111
001110100100010011111111
001110100100010011111111
001110100100010011111111
010000000100001011111111
010000000100001011111111
010010110011101011111111
010010110011101011111111
010010110011101011111111
010001100011011011111000
010001100011011011111000
010001110011011111111111
010001110011011111111111
010001110011011111111111
010001000011011111111111
010001000011011111111111
010000010011100011111111
010000010011100011111111
010000010011100011111111
010000000011011111111111
010000000011011111111111
001111100011001011111111
001111100011001011111111
001111100011001011111111
010000000011001011111111
010000000011001011111111
001111100011010111111111
001111100011010111111111
001111100011010111111111
001101110011001111111000
001101110011001111111000
001111000011010111110100
001111000011010111110100
001111000011010111110100
001111100011000111111001
001111100011000111111001
010010110011010111111111
010010110011010111111111
010010110011010111111111
001111110010111111111111
001111110010111111111111
001110010011111011111011
001110010011111011111011
001110010011111011111011
010000010011000011110001
010000010011000011110001
010010110011001011111111
010010110011001011111111
010010110011001011111111
001110100011000011111111
001110100011000011111111
010000010011010011110101
010000010011010011110101
010000010011010011110101
010010000011111111111101
010010000011111111111101
010100000100101011111111
010100000100101011111111
010100000100101011111111
010100000100101011111111
010100000100101011111111
010010100100000111111111
010010100100000111111111
010010100100000111111111
010010110011111111111111
010010110011111111111111
010011100100011111111111
010011100100011111111111
010011100100011111111111
010011010100101111111111
010011010100101111111111
001111100011001111111000
001111100011001111111000
001111100011001111111000
010010110011110011111111
010010110011110011111111
010001100011000011111110
010001100011000011111110
010001100011000011111110
001111110010111111111111
001111110010111111111111
001110010011111011111011
001110010011111011111011
001110010011111011111011
010000010011000011110001
010000010011000011110001
010010110011001011111111
010010110011001011111111
010010110011001011111111
001110100011000011111111
001110100011000011111111
010000010011010011110101
010000010011010011110101
010000010011010011110101
010010000011111111111101
010010000011111111111101
010100000100101011111111
010100000100101011111111
010100000100101011111111
010100000100101011111111
010100000100101011111111
010010100100000111111111
010010100100000111111111
010010100100000111111111
010010110011111111111111
010010110011111111111111
010011100100011111111111
010011100100011111111111
010011100100011111111111
010011010100101111111111
010011010100101111111111
001111100011001111111000
001111100011001111111000
001111100011001111111000
010010110011110011111111
010010110011110011111111
010001100011000011111110
010001100011000011111110
010001100011000011111110
001111110010111111111111
001111110010111111111111
001110010011111011111011
001110010011111011111011
001110010011111011111011
010000010011000011110001
010000010011000011110001
010010110011001011111111
010010110011001011111111
010010110011001011111111
001110100011000011111111
001110100011000011111111
010000010011010011110101
010000010011010011110101
010000010011010011110101
010010000011111111111101
010010000011111111111101
010100000100101011111111
010100000100101011111111
010100000100101011111111
010100000100101011111111
010100000100101011111111
010010100100000111111111
010010100100000111111111
010010100100000111111111
010010110011111111111111
010010110011111111111111
010011100100011111111111
010011100100011111111111
010011100100011111111111
010011010100101111111111
010011010100101111111111
001111100011001111111000
001111100011001111111000
001111100011001111111000
010010110011110011111111
010010110011110011111111
010001100011000011111110
010001100011000011111110
010001100011000011111110
010010000011001011111111
010010000011001011111111
010000110011001111110101
010000110011001111110101
010000110011001111110101
010101110100011011111111
010101110100011011111111
010011100100010111111111
010011100100010111111111
010011100100010111111111
010011000100100111111111
010011000100100111111111
010001000011100011111101
010001000011100011111101
010001000011100011111101
010001100011111111111110
010001100011111111111110
010010100100010111111111
010010100100010111111111
010010100100010111111111
010010000100000111111111
010010000100000111111111
010000110011011111111100
010000110011011111111100
010000110011011111111100
010000110011011011111110
010000110011011011111110
010001000011100111111110
010001000011100111111110
010001000011100111111110
010000010011101011111011
010000010011101011111011
010000110011100011111111
010000110011100011111111
010000110011100011111111
010000110011010011111111
010000110011010011111111
010001010010110111111100
010001010010110111111100
010001010010110111111100
010010000011001011111111
010010000011001011111111
010000110011001111110101
010000110011001111110101
010000110011001111110101
010101110100011011111111
010101110100011011111111
010011100100010111111111
010011100100010111111111
010011100100010111111111
010011000100100111111111
010011000100100111111111
010001000011100011111101
010001000011100011111101
010001000011100011111101
010001100011111111111110
010001100011111111111110
010010100100010111111111
010010100100010111111111
010010100100010111111111
010010000100000111111111
010010000100000111111111
010000110011011111111100
010000110011011111111100
010000110011011111111100
010000110011011011111110
010000110011011011111110
010001000011100111111110
010001000011100111111110
010001000011100111111110
010000010011101011111011
010000010011101011111011
010000110011100011111111
010000110011100011111111
010000110011100011111111
010000110011010011111111
010000110011010011111111
010001010010110111111100
010001010010110111111100
010001010010110111111100
010000010010101011101011
010000010010101011101011
010001110011101011111111
010001110011101011111111
010001110011101011111111
001111000011100111111111
001111000011100111111111
001110000011110111111010
001110000011110111111010
001110000011110111111010
001111010011001111110101
001111010011001111110101
010000010011010111111111
010000010011010111111111
010000010011010111111111
001111010011010011111100
001111010011010011111100
001111000011011011111011
001111000011011011111011
001111000011011011111011
001111000011001111111011
001111000011001111111011
001111110011000111111111
001111110011000111111111
001111110011000111111111
010010000011010111111111
010010000011010111111111
010001100011011011111111
010001100011011011111111
010001100011011011111111
001111100011001011111111
001111100011001011111111
001111110011001011111011
001111110011001011111011
001111110011001011111011
010001100011010011111111
010001100011010011111111
010010000011000011111111
010010000011000011111111
010010000011000011111111
010000010010101011101011
010000010010101011101011
010001110011101011111111
010001110011101011111111
010001110011101011111111
001111000011100111111111
001111000011100111111111
001110000011110111111010
001110000011110111111010
001110000011110111111010
001111010011001111110101
001111010011001111110101
010000010011010111111111
010000010011010111111111
010000010011010111111111
001111010011010011111100
001111010011010011111100
001111000011011011111011
001111000011011011111011
001111000011011011111011
001111000011001111111011
001111000011001111111011
001111110011000111111111
001111110011000111111111
001111110011000111111111
010010000011010111111111
010010000011010111111111
010001100011011011111111
010001100011011011111111
010001100011011011111111
001111100011001011111111
001111100011001011111111
001111110011001011111011
001111110011001011111011
001111110011001011111011
010001100011010011111111
010001100011010011111111
010010000011000011111111
010010000011000011111111
010010000011000011111111
010000010010101011101011
010000010010101011101011
010001110011101011111111
010001110011101011111111
010001110011101011111111
001111000011100111111111
001111000011100111111111
001110000011110111111010
001110000011110111111010
001110000011110111111010
001111010011001111110101
001111010011001111110101
010000010011010111111111
010000010011010111111111
010000010011010111111111
001111010011010011111100
001111010011010011111100
001111000011011011111011
001111000011011011111011
001111000011011011111011
001111000011001111111011
001111000011001111111011
001111110011000111111111
001111110011000111111111
001111110011000111111111
010010000011010111111111
010010000011010111111111
010001100011011011111111
010001100011011011111111
010001100011011011111111
001111100011001011111111
001111100011001011111111
001111110011001011111011
001111110011001011111011
001111110011001011111011
010001100011010011111111
010001100011010011111111
010010000011000011111111
010010000011000011111111
010010000011000011111111
010011010100100011111100
010011010100100011111100
010000000100100011111111
010000000100100011111111
010000000100100011111111
010001100100011011111111
010001100100011011111111
010001010100001111111011
010001010100001111111011
010001010100001111111011
010100110100011111111110
010100110100011111111110
010011100100010111111111
010011100100010111111111
010011100100010111111111
010011000100011011111111
010011000100011011111111
010010100100010111111111
010010100100010111111111
010010100100010111111111
010001010011111011111100
010001010011111011111100
010000110011010111111011
010000110011010111111011
010000110011010111111011
010001110011011011111111
010001110011011011111111
010010000011011111111111
010010000011011111111111
010010000011011111111111
010000000011010011111001
010000000011010011111001
010000000011001111111110
010000000011001111111110
010000000011001111111110
010000110011000111111111
010000110011000111111111
010011010011010111111111
010011010011010111111111
010011010011010111111111
010011010100100011111100
010011010100100011111100
010000000100100011111111
010000000100100011111111
010000000100100011111111
010001100100011011111111
010001100100011011111111
010001010100001111111011
010001010100001111111011
010001010100001111111011
010100110100011111111110
010100110100011111111110
010011100100010111111111
010011100100010111111111
010011100100010111111111
010011000100011011111111
010011000100011011111111
010010100100010111111111
010010100100010111111111
010010100100010111111111
010001010011111011111100
010001010011111011111100
010000110011010111111011
010000110011010111111011
010000110011010111111011
010001110011011011111111
010001110011011011111111
010010000011011111111111
010010000011011111111111
010010000011011111111111
010000000011010011111001
010000000011010011111001
010000000011001111111110
010000000011001111111110
010000000011001111111110
010000110011000111111111
010000110011000111111111
010011010011010111111111
010011010011010111111111
010011010011010111111111
001111110011001011111111
001111110011001011111111
010001010010111111111011
010001010010111111111011
010001010010111111111011
010011010010110011111111
010011010010110011111111
010001000011011011111111
010001000011011011111111
010001000011011011111111
001111110011001011111010
001111110011001011111010
010000000011101111111001
010000000011101111111001
010000000011101111111001
010000110011111011111100
010000110011111011111100
010001110100001011111111
010001110100001011111111
010001110100001011111111
010010110100011011111111
010010110100011011111111
010011010100100011111111
010011010100100011111111
010011010100100011111111
010011010100100011111111
010011010100100011111111
010011000100011111111111
010011000100011111111111
010011000100011111111111
010010100100010111111111
010010100100010111111111
010000110011110111111111
010000110011110111111111
010000110011110111111111
010000000011010011111111
010000000011010011111111
010001110011011111111000
010001110011011111111000
010001110011011111111000
001111110011001011111111
001111110011001011111111
010001010010111111111011
010001010010111111111011
010001010010111111111011
010011010010110011111111
010011010010110011111111
010001000011011011111111
010001000011011011111111
010001000011011011111111
001111110011001011111010
001111110011001011111010
010000000011101111111001
010000000011101111111001
010000000011101111111001
010000110011111011111100
010000110011111011111100
010001110100001011111111
010001110100001011111111
010001110100001011111111
010010110100011011111111
010010110100011011111111
010011010100100011111111
010011010100100011111111
010011010100100011111111
010011010100100011111111
010011010100100011111111
010011000100011111111111
010011000100011111111111
010011000100011111111111
010010100100010111111111
010010100100010111111111
010000110011110111111111
010000110011110111111111
010000110011110111111111
010000000011010011111111
010000000011010011111111
010001110011011111111000
010001110011011111111000
010001110011011111111000
001111110011001011111111
001111110011001011111111
010001010010111111111011
010001010010111111111011
010001010010111111111011
010011010010110011111111
010011010010110011111111
010001000011011011111111
010001000011011011111111
010001000011011011111111
001111110011001011111010
001111110011001011111010
010000000011101111111001
010000000011101111111001
010000000011101111111001
010000110011111011111100
010000110011111011111100
010001110100001011111111
010001110100001011111111
010001110100001011111111
010010110100011011111111
010010110100011011111111
010011010100100011111111
010011010100100011111111
010011010100100011111111
010011010100100011111111
010011010100100011111111
010011000100011111111111
010011000100011111111111
010011000100011111111111
010010100100010111111111
010010100100010111111111
010000110011110111111111
010000110011110111111111
010000110011110111111111
010000000011010011111111
010000000011010011111111
010001110011011111111000
010001110011011111111000
010001110011011111111000
001101100011111111111111
001101100011111111111111
001110010100001111110001
001110010100001111110001
001110010100001111110001
010011110100000011111010
010011110100000011111010
010011000100100111111111
010011000100100111111111
010011000100100111111111
010001000100100011111111
010001000100100011111111
010010010011110011111111
010010010011110011111111
010010010011110011111111
010001110011101011111111
010001110011101011111111
010000110011011011111110
010000110011011011111110
010000110011011011111110
010000000011001111111011
010000000011001111111011
001111110011001011111010
001111110011001011111010
001111110011001011111010
010000000011010011111001
010000000011010011111001
010000110011011111111100
010000110011011111111100
010000110011011111111100
010001000011100011111101
010001000011100011111101
001111010011001011111001
001111010011001011111001
001111010011001011111001
010100110100001011111111
010100110100001011111111
010101000100000011111111
010101000100000011111111
010101000100000011111111
001101100011111111111111
001101100011111111111111
001110010100001111110001
001110010100001111110001
001110010100001111110001
010011110100000011111010
010011110100000011111010
010011000100100111111111
010011000100100111111111
010011000100100111111111
010001000100100011111111
010001000100100011111111
010010010011110011111111
010010010011110011111111
010010010011110011111111
010001110011101011111111
010001110011101011111111
010000110011011011111110
010000110011011011111110
010000110011011011111110
010000000011001111111011
010000000011001111111011
001111110011001011111010
001111110011001011111010
001111110011001011111010
010000000011010011111001
010000000011010011111001
010000110011011111111100
010000110011011111111100
010000110011011111111100
010001000011100011111101
010001000011100011111101
001111010011001011111001
001111010011001011111001
001111010011001011111001
010100110100001011111111
010100110100001011111111
010101000100000011111111
010101000100000011111111
010101000100000011111111
010001110010101111111001
010001110010101111111001
010001100010101111111111
010001100010101111111111
010001100010101111111111
010011000010111011111111
010011000010111011111111
010001010011100011111111
010001010011100011111111
010001010011100011111111
010000010011010011111111
010000010011010011111111
010011000011100111111111
010011000011100111111111
010011000011100111111111
010010100011011111111111
010010100011011111111111
010010000011010111111111
010010000011010111111111
010010000011010111111111
010001010011001011111101
010001010011001011111101
010001000011000111111100
010001000011000111111100
010001000011000111111100
010001010011001011111101
010001010011001011111101
010001100011001111111111
010001100011001111111111
010001100011001111111111
010001100011001111111111
010001100011001111111111
010001000011001111111101
010001000011001111111101
010001000011001111111101
010010100011001111111111
010010100011001111111111
010010000011010011100010
010010000011010011100010
010010000011010011100010
010001110010101111111001
010001110010101111111001
010001100010101111111111
010001100010101111111111
010001100010101111111111
010011000010111011111111
010011000010111011111111
010001010011100011111111
010001010011100011111111
010001010011100011111111
010000010011010011111111
010000010011010011111111
010011000011100111111111
010011000011100111111111
010011000011100111111111
010010100011011111111111
010010100011011111111111
010010000011010111111111
010010000011010111111111
010010000011010111111111
010001010011001011111101
010001010011001011111101
010001000011000111111100
010001000011000111111100
010001000011000111111100
010001010011001011111101
010001010011001011111101
010001100011001111111111
010001100011001111111111
010001100011001111111111
010001100011001111111111
010001100011001111111111
010001000011001111111101
010001000011001111111101
010001000011001111111101
010010100011001111111111
010010100011001111111111
010010000011010011100010
010010000011010011100010
010010000011010011100010
010001110010101111111001
010001110010101111111001
010001100010101111111111
010001100010101111111111
010001100010101111111111
010011000010111011111111
010011000010111011111111
010001010011100011111111
010001010011100011111111
010001010011100011111111
010000010011010011111111
010000010011010011111111
010011000011100111111111
010011000011100111111111
010011000011100111111111
010010100011011111111111
010010100011011111111111
010010000011010111111111
010010000011010111111111
010010000011010111111111
010001010011001011111101
010001010011001011111101
010001000011000111111100
010001000011000111111100
010001000011000111111100
010001010011001011111101
010001010011001011111101
010001100011001111111111
010001100011001111111111
010001100011001111111111
010001100011001111111111
010001100011001111111111
010001000011001111111101
010001000011001111111101
010001000011001111111101
010010100011001111111111
010010100011001111111111
010010000011010011100010
010010000011010011100010
010010000011010011100010
