00 Emtpy.bmp 24'h00ffff
01 Grey.bmp 24'hc6c6c6
10 Single.bmp
11 Arrow.bmp

16*12指方块

00,
00,
01,
01,
01,
01,
01,
01,
01,
01,
01,
01,
01,
01,
00,
00,
00,
00,
01,
01,
01,
01,
01,
01,
01,
01,
01,
01,
01,
01,
00,
00,
00,
00,
01,
01,
01,
01,
10,
10,
01,
01,
01,
01,
01,
01,
00,
00,
00,
00,
01,
01,
01,
01,
10,
10,
11,
10,
01,
01,
01,
01,
00,
00,
00,
00,
01,
01,
01,
01,
01,
01,
01,
01,
01,
01,
01,
01,
00,
00,
00,
00,
01,
01,
01,
01,
01,
01,
01,
01,
01,
01,
01,
01,
00,
00,
00,
00,
01,
10,
10,
10,
10,
10,
10,
10,
10,
10,
10,
01,
00,
00,
00,
00,
01,
10,
10,
10,
10,
10,
10,
10,
10,
10,
10,
01,
00,
00,
00,
00,
01,
10,
10,
10,
10,
10,
10,
10,
10,
10,
10,
01,
00,
00,
00,
00,
01,
01,
01,
01,
01,
01,
01,
01,
01,
01,
01,
01,
00,
00,
00,
00,
01,
01,
01,
01,
01,
01,
01,
01,
01,
01,
01,
01,
00,
00,
00,
00,
01,
01,
01,
01,
01,
01,
01,
01,
01,
01,
01,
01,
00,
00