000000001111111111111111
000000001111111111111111
000000001111111111111111
000000001111111111111111
000000001111111111111111
000000001111111111111111
000000001111111111111111
000000001111111111111111
000000001111111111111111
000000001111111111111111
000000001111111111111111
000000001111111111111111
000000001111111111111111
000000001111111111111111
000000001111111111111111
010000100010010000001010
001110110011101100100011
001111010011010000011100
001011110110001101010001
000000001111111111111111
000000001111111111111111
000000001111111111111111
000000001111111111111111
000000001111111111111111
000000001111111111111111
000000001111111111111111
000000001111111111111111
000000001111111111111111
000000001111111111111111
000000001111111111111111
000000001111111111111111
000000001111111111111111
000000001111111111111111
000000001111111111111111
000000001111111111111111
000000001111111111111111
000000001111111111111111
000000001111111111111111
000000001111111111111111
000000001111111111111111
000000001111111111111111
010000100010100000001100
001110100011101000100011
001111000011010100011100
001011110110010101010010
000000001111111111111111
000000001111111111111111
000000001111111111111111
000000001111111111111111
000000001111111111111111
000000001111111111111111
000000001111111111111111
000000001111111111111111
000000001111111111111111
000000001111111111111111
000000001111111111111111
000000001111111111111111
000000001111111111111111
000000001111111111111111
000000001111111111111111
000000001111111111111111
000000001111111111111111
000000001111111111111111
000000001111111111111111
000000001111111111111111
010001010000100000000000
001111100010010100001100
111111111111111101100010
111111101111111101011101
111111111111111101011110
110101101101001001001001
001110010000010000000000
000011101101000111001011
000000001111111111111111
000000001111111111111111
000000001111111111111111
000000001111111111111111
000000001111111111111111
000000001111111111111111
000000001111111111111111
000000001111111111111111
000000001111111111111111
000000001111111111111111
000000001111111111111111
000000001111111111111111
000000001111111111111111
000000001111111111111111
000000001111111111111111
000000001111111111111111
000001101110101011100111
000000001111110011111111
010101100011110000010010
010011000100110100101001
111101001111100101011010
111001011110100101010110
111011011111000101011000
110000111100011001001011
001100110001101100001011
000011001101011111010001
000000001111111111111111
000000001111111111111111
000000001111111111111111
000000001111111111111111
000000001111111111111111
000000001111111111111111
000000001111111111111111
000000001111111111111111
000000001111111111111111
000000001111111111111111
000000001111111111111111
000000001111111111111111
000000001111111111111111
000000001111111111111111
000000001111111111111111
000000001111111111111111
001101100001110000001001
001000000000001000000000
111111111111111101100011
111111011111111101011100
101100011011010001001010
101110011011110001001101
110100011101010001010001
101011101011000001000110
001101000001111000001101
000001011110001011011111
000000001111111111111111
000000001111111111111111
000000001111111111111111
000000001111111111111111
000000001111111111111111
000000001111111111111111
000000001111111111111111
000000001111111111111111
000000001111111111111111
000000001111111111111111
000000001111111111111111
000000001111111111111111
000000001111111111111111
000000001111111111111111
001001011000011101111000
000110110111001001101011
101101011011010101000101
101100001011001001000100
110011101101001001010001
110010101100111001010000
101110101011110001001100
101111001011111101001101
110001101100100101001111
101010001010011101000010
001110010010001100001101
010001100111011001010110
010011100111110001011000
000001101111001111101111
000000001111111111111111
000000001111111111111111
000000001111111111111111
000000001111111111111111
000000001111111111111111
000000001111111111111111
000000001111111111111111
000000001111111111111111
000000001111111111111111
000000001111111111111111
000000001111111111111111
000000001111111111111111
001110010100100000110001
001011010001110000001111
111101001111011001011001
111110011111110101011010
101100101011010101001011
101110001011101101001100
101111001011111101001101
101111001011111101001101
110000011100010101001111
101000111010000101000000
001100010001101000001001
011001100100001100010101
011111100011100100000000
000010111110110111100111
000000001111111111111111
000000001111111111111111
000000001111111111111111
000000001111111111111111
000000001111111111111111
000000001111111111111111
000000001111111111111111
000000001111111111111111
000000001111111111111111
000000001111111111111111
000000001111111111111111
000000001111111111111111
001101100100111100111001
001010100010010000011001
111011001111000001011000
111100001111010001011000
110001011100100001001110
110010011100110001001111
101110111011111001001100
101110011011110001001100
101000001010001001000110
101000111010010101000101
101011001010101101000100
010011000100001000011001
001101110000111000000000
000001001110100111100111
000000001111111111111111
000000001111111111111111
000000001111111111111111
000000001111111111111111
000000001111111111111111
000000001111111111111111
000000001111111111111111
000000001111111111111111
000000001111111111111111
000000001111111111111111
000000001111111111111111
000000001111111111111111
001111000011111000100110
001100000001000000000010
111111011111111001011011
111111111111111101011101
110110011101110001010011
110110111101111101010101
110001101100101101010010
110000011100011001010001
100100111001010101000010
101000001010001101000110
110100111101100001010110
001110110011010000010011
000101010000000000000000
000000001111011011111001
000000001111111111111111
000000001111111111111111
000000001111111111111111
000000001111111111111111
000000001111111111111111
000000001111111111111111
000000001111111111111111
000000001111111111111111
000000001111111111111111
000000001111111111111111
000000001111111111111111
000000001111111111111111
000001011110110011101010
000000001111101011111100
010011110100111000100111
010011110100110100100111
010010100100101000101000
010010100100101000101000
010100100011111100010111
010111100100111100011111
110000101100011101010000
101100111011010101001010
100111011001111101000101
101010101010101101000110
101110011011011001000101
010000100101101100111011
001110100011101100100100
000000001111111111111111
000000001111111111111111
000000001111111111111111
000000001111111111111111
000000001111111111111111
000000001111111111111111
000000001111111111111111
000000001111111111111111
000000001111111111111111
000000001111111111111111
000000001111111111111111
000000001111111111111111
000000001111111111111111
010000010010001000001000
010000000010000000000111
001110000011101000100100
001110000011100100100101
010000010010110000001111
010100010100000100011001
110110101110000101011010
110000011100010001010000
100100011001001101000010
101101111011100101001100
110011011101000101010010
010010100100011000100011
010000100001111100000101
000000001111111111111111
000000001111111111111111
000000001111111111111111
000000001111111111111111
000000001111111111111111
000000001111111111111111
000000001111111111111111
000000001111111111111111
000000001111111111111111
000000001111111111111111
000000001111111111111111
000000001111111111111111
000000001111111111111111
000000001111111111111111
000000001111111111111111
010100010001111000000000
010010010011010100010101
011011000101000100011111
011000000100100000011100
000111000001001100000110
010001010011111000010111
110010001100110001010010
101111001011111101001101
110010011100110001010001
010010000100100100100111
010000010010010000001010
000000001111111111111111
000000001111111111111111
000000001111111111111111
000000001111111111111111
000000001111111111111111
000000001111111111111111
000000001111111111111111
000000001111111111111111
000000001111111111111111
000000001111111111111111
000000001111111111111111
000000001111111111111111
000000001111111111111111
000000001111111111111111
000000001111111111111111
010010010001011000000000
010000100011000000010011
011101010101100000100001
011010010100100100011001
000111110000000000000000
010011010010111000000010
110110011101111001011000
110010111100111101010010
110110011101110001010110
010100010011100000010010
010010000000101100000000
000000001111111111111111
000000001111111111111111
000000001111111111111111
000000001111111111111111
000000001111111111111111
000000001111111111111111
000000001111111111111111
000000001111111111111111
000000001111111111111111
000000001111111111111111
000000001111111111111111
000000001111111111111111
000000001111111111111111
010100100001110000000000
010010100001010000000000
100110110111010000101100
100100010110111000101001
000101100000100000000000
000111010011000100100011
000000001111111111111111
000001001110011111100110
001100110001100000001000
001011010010101000011100
001101000001011000000101
000000001111110111111110
000000001111111111111111
000000001111111111111111
000000001111111111111111
000000001111111111111111
000000001111111111111111
000000001111111111111111
000000001111111111111111
000000001111111111111111
000000001111111111111111
000000001111111111111111
000000001111111111111111
000000001111111111111111
000000001111111111111111
000000001111111111111111
010010010011010100010100
010000100010111000010000
100100100110110100101001
100010100110011000100101
000111100001000000000010
001001000011001000100001
000000001111111111111111
000011001101010111001111
010000110010100100001110
001111010011101000100000
010000110010011100001100
000001101110101011100111
000000001111111111111111
000000001111111111111111
000000001111111111111111
000000001111111111111111
000000001111111111111111
000000001111111111111111
000000001111111111111111
000000001111111111111111
000000001111111111111111
000000001111111111111111
000000001111111111111111
000000001111111111111111
010001110011011000010101
010011100001011100000000
011011010100111100011100
011101010101100000100001
000101100000100000000000
000111100001000000000010
000000001111111111111111
000000001111111111111111
000000001111111111111111
000000001111111111111111
000000001111111111111111
000000001111111111111111
000000001111111111111111
000000001111111111111111
000000001111111111111111
000000001111111111111111
000000001111111111111111
000000001111111111111111
000000001111111111111111
000000001111111111111111
000000001111111111111111
000000001111111111111111
000000001111111111111111
000000001111111111111111
000001011110111011101100
000000001111101111111010
010001010100101000101011
010010110011001100010001
011000010100100100011011
011010010100100100011000
000111010011000100100011
001000110011001000100001
000000001111111111111111
000000001111111111111111
000000001111111111111111
000000001111111111111111
000000001111111111111111
000000001111111111111111
000000001111111111111111
000000001111111111111111
000000001111111111111111
000000001111111111111111
000000001111111111111111
000000001111111111111111
000000001111111111111111
000000001111111111111111
000000001111111111111111
000000001111111111111111
000000001111111111111111
000000001111111111111111
001111010101000000110101
010011010001011000000000
011010110100101100011001
011101010101100000100001
001000110001001000000010
001001100000000000000000
000000001111111111111111
000000001111111111111111
000000001111111111111111
000000001111111111111111
000000001111111111111111
000000001111111111111111
000000001111111111111111
000000001111111111111111
000000001111111111111111
000000001111111111111111
000000001111111111111111
000000001111111111111111
000000001111111111111111
000000001111111111111111
000000001111111111111111
000000001111111111111111
000000001111111111111111
000000001111111111111111
000010101110001011011101
000010011101111111011011
010001110101111100111111
010110000011101100010011
010110100100001100011001
011000010100000100010100
000111110100110100111111
001000100011011100100111
000000001111111111111111
000000001111111111111111
000000001111111111111111
000000001111111111111111
000000001111111111111111
000000001111111111111111
000000001111111111111111
000000001111111111111111
000000001111111111111111
000000001111111111111111
000000001111111111111111
000000001111111111111111
000000001111111111111111
000000001111111111111111
000000001111111111111111
000000001111111111111111
000000001111111111111111
000000001111111111111111
001100010110111001011000
010010100001001100000000
100001110101111100100000
101000110111101100101110
001100010001001000000000
001010000000000000000000
000000001111111111111111
000000001111111111111111
000000001111111111111111
000000001111111111111111
000000001111111111111111
000000001111111111111111
000000001111111111111111
000000001111111111111111
000000001111111111111111
000000001111111111111111
000000001111111111111111
000000001111111111111111
000000001111111111111111
000000001111111111111111
000000001111111111111111
000000001111111111111111
000000001111111111111111
000000001111111111111111
000001101110111111101100
001111000101001000110111
010101010101000000101000
011001100100100100011010
010001000011001100010011
010000000001110100000000
000011001011111110111001
000010001100110111001001
000000001111111111111111
000000001111111111111111
000000001111111111111111
000000001111111111111111
000000001111111111111111
000000001111111111111111
000000001111111111111111
000000001111111111111111
000000001111111111111111
000000001111111111111111
000000001111111111111111
000000001111111111111111
000000001111111111111111
000000001111111111111111
000000001111111111111111
000000001111111111111111
000000001111111111111111
000000001111111111111111
000000001111101111111011
010010010001001100000000
011000010100011000011001
011101100101100100100010
001101110001011100000000
001010100000000000000000
000000101110101011101001
000000001111111111111111
000000001111111111111111
000000001111111111111111
000000001111111111111111
000000001111111111111111
000000001111111111111111
000000001111111111111111
000000001111111111111111
000000001111111111111111
000000001111111111111111
000000001111111111111111
000000001111111111111111
000000001111111111111111
000000001111111111111111
000000001111111111111111
000000001111111111111111
000000001111111111111111
000000001111111111111111
010001110011011000010110
010001110100110100101100
100011110110011100100100
010010010011011100010100
001011100000111100000000
000011001011111010111000
000000111110101111101001
000000001111111011111110
000000001111111111111111
000000001111111111111111
000000001111111111111111
000000001111111111111111
000000001111111111111111
000000001111111111111111
000000001111111111111111
000000001111111111111111
000000001111111111111111
000000001111111111111111
000000001111111111111111
000000001111111111111111
000000001111111111111111
000000001111111111111111
000000001111111111111111
000000001111111111111111
000000001111111111111111
000000001111111111111111
010011100001011000000000
010011110011011000010001
101000110111101100101110
010011000010011100000010
001010100000000000000000
000010001100110011001000
000000001111111111111111
000000001111111111111111
000000001111111111111111
000000001111111111111111
000000001111111111111111
000000001111111111111111
000000001111111111111111
000000001111111111111111
000000001111111111111111
000000001111111111111111
000000001111111111111111
000000001111111111111111
000000001111111111111111
000000001111111111111111
000000001111111111111111
000000001111111111111111
000000001111111111111111
000000001111111111111111
000000001111111111111111
000000001111111111111111
011101010011101000000100
011000010100100100011100
001001000000100000000000
000010111011100110110011
000000001111111111111111
000000001111111111111111
000000001111111111111111
000000001111111111111111
000000001111111111111111
000000001111111111111111
000000001111111111111111
000000001111111111111111
000000001111111111111111
000000001111111111111111
000000001111111111111111
000000001111111111111111
000000001111111111111111
000000001111111111111111
000000001111111111111111
000000001111111111111111
000000001111111111111111
000000001111111111111111
000000001111111111111111
000000001111111111111111
000000001111111111111111
000000001111111111111111
011101010011101100000100
011000100100101000011100
001000110000010100000000
000010111011100110110011
000000001111111111111111
000000001111111111111111
000000001111111111111111
000000001111111111111111
000000001111111111111111
000000001111111111111111
000000001111111111111111
000000001111111111111111
000000001111111111111111
000000001111111111111111
000000001111111111111111
000000001111111111111111
000000001111111111111111
000000001111111111111111
000000001111111111111111
000000001111111111111111
000000001111111111111111
000000001111111111111111
000000001111111111111111
000000001111111111111111
