000000001111111111111111
000000001111111111111111
000000001111111111111111
000000001111111111111111
000000001111111111111111
000000001111111111111111
000000001111111111111111
000000001111111111111111
000000001111111111111111
000000001111111111111111
000000001111111111111111
000000001111111111111111
000000001111111111111111
000000001111111111111111
000000001111111111111111
001101110110010101100101
010001010011111000111110
010001000100001001000010
010001110011101000111010
000000001111111111111111
000000001111111111111111
000000001111111111111111
000000001111111111111111
000000001111111111111111
000000001111111111111111
000000001111111111111111
000000001111111111111111
000000001111111111111111
000000001111111111111111
000000001111111111111111
000000001111111111111111
000000001111111111111111
000000001111111111111111
000000001111111111111111
000000001111111111111111
000000001111111111111111
000000001111111111111111
000000001111111111111111
000000001111111111111111
001010101001010110010101
000111101010010110100101
011001100111101001111010
011101010111000101110001
011100110111001001110010
011101100110111101101111
000111111001111110011111
000011111101100011011000
000000001111111111111111
000000001111111111111111
000000001111111111111111
000000001111111111111111
000000001111111111111111
000000001111111111111111
000000001111111111111111
000000001111111111111111
000000001111111111111111
000000001111111111111111
000000001111111111111111
000000001111111111111111
000000001111111111111111
000000001111111111111111
000000001111111111111111
000000001111111111111111
000000001111111111111111
000000001111111111111111
010100110010010000100100
010000100011001100110011
100100011000110110001101
101000101010001010100010
101000001010000010100000
101000111010001010100010
010010010010011100100111
000111111010111110101111
000000001111111111111111
000000001111111111111111
000000001111111111111111
000000001111111111111111
000000001111111111111111
000000001111111111111111
000000001111111111111111
000000001111111111111111
000000001111111111111111
000000001111111111111111
000000001111111111111111
000000001111111111111111
000000001111111111111111
000000001111111111111111
000000001111111111111111
000000001111111111111111
000010001110101011101010
000010001101111011011110
011001010100111001001110
010101110101011101010111
100010011000100110001001
100101011001010110010101
100101101001011010010110
100110011001100110011001
010001010011001100110011
000111011011010010110100
000000001111111111111111
000000001111111111111111
000000001111111111111111
000000001111111111111111
000000001111111111111111
000000001111111111111111
000000001111111111111111
000000001111111111111111
000000001111111111111111
000000001111111111111111
000000001111111111111111
000000001111111111111111
000000001111111111111111
000000001111111111111111
000000001111111111111111
000000001111111111111111
000111101010010110100101
010000100001101000011010
101011101010111010101110
101001101010011010100110
100000111000001110000011
011111100111111001111110
100010011000100110001001
100010111000101110001011
010001100011011000111001
000101111011111111000011
000000001111111111111111
000000001111111111111111
000000001111111111111111
000000001111111111111111
000000001111111111111111
000000001111111111111111
000000001111111111111111
000000001111111111111111
000000001111111111111111
000000001111111111111111
000000001111111111111111
000000001111111111111111
000000001111111111111111
000000001111111111111111
001100001000010110000101
001111010101100001011000
011001100111011001110110
100101011001001010010010
100000011000000110000001
100000101000001010000010
011111110111111101111111
011111110111111101111111
100000001000000010000001
100000111000010010000101
010000010010101100001100
010100110101001000101101
010111110110000000110100
001111101001001101110110
000000001111111111111111
000000001111111111111111
000000001111111111111111
000000001111111111111111
000000001111111111111111
000000001111111111111111
000000001111111111111111
000000001111111111111111
000000001111111111111111
000000001111111111111111
000000001111111111111111
000000001111111111111111
001110010111000001110000
010010000011100100111001
011100010110111001101110
101001001010010010100100
011110100111101001111010
011111010111110101111101
011111100111111001111110
011111110111111101111111
100000001000000010000000
100000101000001110000101
001111000010010100000000
010111100100000100010011
011101010100011000010000
010011001000001101011111
000000001111111111111111
000000001111111111111111
000000001111111111111111
000000001111111111111111
000000001111111111111111
000000001111111111111111
000000001111111111111111
000000001111111111111111
000000001111111111111111
000000001111111111111111
000000001111111111111111
000000001111111111111111
001110000111000101110001
010001110011101100111011
011100000110111101101111
101000101010001010100010
100000101000001010000010
100001101000011010000110
100000001000000010000001
011111000111110101111101
011100100111001001110010
011101000111010001110101
011010100110001001010100
010100010100010100101100
010000100010010100000100
001011000111000001011010
000000001111111111111111
000000001111111111111111
000000001111111111111111
000000001111111111111111
000000001111111111111111
000000001111111111111111
000000001111111111111111
000000001111111111111111
000000001111111111111111
000000001111111111111111
000000001111111111111111
000000001111111111111111
001110000111000101110001
010001110011110000111100
011100000110111001101110
101000101010000110100001
100010001000100010001000
100010111000101110001100
100000011000000110000010
011110100111101001111011
011010010110100101101001
011010100110101001101010
100010011000101110001110
010010100100010100111100
001000000000110000000000
000101110110000101010101
000000001111111111111111
000000001111111111111111
000000001111111111111111
000000001111111111111111
000000001111111111111111
000000001111111111111111
000000001111111111111111
000000001111111111111111
000000001111111111111111
000000001111111111111111
000000001111111111111111
000000001111111111111111
000000001111111111111111
000000001111111111111111
000110011010111010101110
010001000011001100110011
010000010100000101000001
010000010100001101000110
010000000010110100001110
010100010100000100100011
100001101000011110001010
100000101000001010000010
011001100110011001100110
011111000111110001111110
100011001000110110001111
011101110110111001101111
010101000001110000011100
000001001111001011110010
000000001111111111111111
000000001111111111111111
000000001111111111111111
000000001111111111111111
000000001111111111111111
000000001111111111111111
000000001111111111111111
000000001111111111111111
000000001111111111111111
000000001111111111111111
000000001111111111111111
000000001111111111111111
001001101001111010011110
010101010010100100101001
010010010100101101001110
010010010100110001010011
010001000011010000011010
010101010100011100101110
100011011001000010010101
100010001000100110001011
011001100110011001100110
011101100111011001110110
100000101000001010000010
011011100110111001101110
010011000011000100110001
000000111111010111110101
000000001111111111111111
000000001111111111111111
000000001111111111111111
000000001111111111111111
000000001111111111111111
000000001111111111111111
000000001111111111111111
000000001111111111111111
000000001111111111111111
000000001111111111111111
000000001111111111111111
000000001111111111111111
000000001111111011111111
000000001111111111111111
010011010001111100000000
010000110011001000010110
011001000100101100011100
010111000100000100010111
001010010001010100000101
001010110001011000000010
100010001000100110001011
100000011000000110000001
100001001000010010000100
011100000110110001101100
010011110010100000101000
000000111111010011110100
000000001111111111111111
000000001111111111111111
000000001111111111111111
000000001111111111111111
000000001111111111111111
000000001111111111111111
000000001111111111111111
000000001111111111111111
000000001111111111111111
000000001111111111111111
000000001111111111111111
000000001111111111111111
000010111101111111011010
000100001100011010111110
011001110011100000001000
011000000100011100011010
010101100011110100010100
010001010100011000100111
000100110110110101100010
000101000110101001011100
011101100110110001101101
011011000110110001101100
011011110110101101101011
010110010111001101110011
001100000111110101111101
000000101111100011111000
000000001111111111111111
000000001111111111111111
000000001111111111111111
000000001111111111111111
000000001111111111111111
000000001111111111111111
000000001111111111111111
000000001111111111111111
000000001111111111111111
000000001111111111111111
000000001111111111111111
000000001111111111111111
001001001001011110000110
010010100001001000000000
100101110111001000101011
100110010111001100101011
001101100001110100000010
000110000100111101000100
000000001111111111111111
000000001111111111111111
010011100010110000101100
010001100100000101000001
010010010011100100111001
001011110111111101111111
000000001111111111111111
000000001111111111111111
000000001111111111111111
000000001111111111111111
000000001111111111111111
000000001111111111111111
000000001111111111111111
000000001111111111111111
000000001111111111111111
000000001111111111111111
000000001111111111111111
000000001111111111111111
000000111111010111110100
000000001111110111111101
001001011001100010000111
010010010010100000000111
100010010110011100100111
100011000110010100100100
001101100010111000010011
000110100101101101001111
000000001111111111111111
000000001111111111111111
010011000100000001000000
010001010101001001010010
010001110100110001001100
001011111000011110000111
000000001111111111111111
000000001111111111111111
000000001111111111111111
000000001111111111111111
000000001111111111111111
000000001111111111111111
000000001111111111111111
000000001111111111111111
000000001111111111111111
000000001111111111111111
000000001111111111111111
000000001111111111111111
001110010101011100111110
010011110001010100000000
010111100011100100001100
011110100101110000100011
000110000000000000000000
001001000000000000000000
000000011110100011100110
000000001111111111111111
000000001111111111111111
000000001111111111111111
000000001111111111111111
000000001111111111111111
000000001111111111111111
000000001111111111111111
000000001111111111111111
000000001111111111111111
000000001111111111111111
000000001111111111111111
000000001111111111111111
000000001111111111111111
000000001111111111111111
000000001111111111111111
000000001111111111111111
000000001111111111111111
000001101110110111101001
001100110110101001010011
010101000101000000101001
011000100100011000011001
010011010011101000010110
001111110001101000000000
000001101100101111001000
000011011011001110101100
000000011111010011110011
000000001111111111111111
000000001111111111111111
000000001111111111111111
000000001111111111111111
000000001111111111111111
000000001111111111111111
000000001111111111111111
000000001111111111111111
000000001111111111111111
000000001111111111111111
000000001111111111111111
000000001111111111111111
000000001111111111111111
000000001111111111111111
000000001111111111111111
000000001111111111111111
000000001111111111111111
000001101110110011101001
010011010001010000000000
011000110100011100011001
011100010101010100100000
010010110011001000001111
001010000000000000000000
000000001111111111111111
000000001111111111111111
000000001111111111111111
000000001111111111111111
000000001111111111111111
000000001111111111111111
000000001111111111111111
000000001111111111111111
000000001111111111111111
000000001111111111111111
000000001111111111111111
000000001111111111111111
000000001111111111111111
000000001111111111111111
000000001111111111111111
000000001111111111111111
000000001111111111111111
000000001111111111111111
000011001101110111010111
000111101010100010011010
001001111010000010001110
011011000100001000010000
010100100011110100010111
010100000011010100010000
001100110101100101000001
000101100110111001100011
000000001111111111111111
000000001111111111111111
000000001111111111111111
000000001111111111111111
000000001111111111111111
000000001111111111111111
000000001111111111111111
000000001111111111111111
000000001111111111111111
000000001111111111111111
000000001111111111111111
000000001111111111111111
000000001111111111111111
000000001111111111111111
000000001111111111111111
000000001111111111111111
000000001111111111111111
000000001111111111111111
000110011011001010100111
010011100001010100000000
010101010011000100001010
101010000111111000101111
010000110001110100000000
001001110000000000000000
000101001000001001111010
000000001111111111111111
000000001111111111111111
000000001111111111111111
000000001111111111111111
000000001111111111111111
000000001111111111111111
000000001111111111111111
000000001111111111111111
000000001111111111111111
000000001111111111111111
000000001111111111111111
000000001111111111111111
000000001111111111111111
000000001111111111111111
000000001111111111111111
000000001111111111111111
000000001111111111111111
000000001111111111111111
010011000010100000000110
010110000011100000001111
011011010101000100011110
010111110100011100011011
001000010000001100000000
000001011101000111001110
000000001111111111111111
000000001111111111111111
000000001111111111111111
000000001111111111111111
000000001111111111111111
000000001111111111111111
000000001111111111111111
000000001111111111111111
000000001111111111111111
000000001111111111111111
000000001111111111111111
000000001111111111111111
000000001111111111111111
000000001111111111111111
000000001111111111111111
000000001111111111111111
000000001111111111111111
000000001111111111111111
000000001111111111111111
000000001111111111111111
010000110010110100001111
010101010011101100010101
011100010101010100100000
011001010100011000011000
001010000000000000000000
000010011100011011000000
000000001111111111111111
000000001111111111111111
000000001111111111111111
000000001111111111111111
000000001111111111111111
000000001111111111111111
000000001111111111111111
000000001111111111111111
000000001111111111111111
000000001111111111111111
000000001111111111111111
000000001111111111111111
000000001111111111111111
000000001111111111111111
000000001111111111111111
000000001111111111111111
000000001111111111111111
000000101111010111110100
001111000101010000111001
001011110110011001010001
100000010101111000100001
011000000100010100010111
001101000001101100000010
001100100011100100100001
000001011101001111010001
000000011111001111110010
000000001111111111111111
000000001111111111111111
000000001111111111111111
000000001111111111111111
000000001111111111111111
000000001111111111111111
000000001111111111111111
000000001111111111111111
000000001111111111111111
000000001111111111111111
000000001111111111111111
000000001111111111111111
000000001111111111111111
000000001111111111111111
000000001111111111111111
000000001111111111111111
000000001111111111111111
000000111111001111110001
010110010001110100000000
010011000010111100001101
100000000101110000100000
010101010101000100101000
000110100011101100101111
000110110101101101001110
000000001111111111111111
000000001111111111111111
000000001111111111111111
000000001111111111111111
000000001111111111111111
000000001111111111111111
000000001111111111111111
000000001111111111111111
000000001111111111111111
000000001111111111111111
000000001111111111111111
000000001111111111111111
000000001111111111111111
000000001111111111111111
000000001111111111111111
000000001111111111111111
000000001111111111111111
000000001111111111111111
000000001111111111111111
000001101111011011110011
011101100011110100000110
011100100101010100100000
000111110000101000000000
000100000111111001111000
000000001111111111111111
000000001111111111111111
000000001111111111111111
000000001111111111111111
000000001111111111111111
000000001111111111111111
000000001111111111111111
000000001111111111111111
000000001111111111111111
000000001111111111111111
000000001111111111111111
000000001111111111111111
000000001111111111111111
000000001111111111111111
000000001111111111111111
000000001111111111111111
000000001111111111111111
000000001111111111111111
000000001111111111111111
000000001111111111111111
000000001111111111111111
000001011111010111110011
011100110011101100000101
011011110101001100100000
001010000001000100000000
000101110111100101101111
000000001111111111111111
000000001111111111111111
000000001111111111111111
000000001111111111111111
000000001111111111111111
000000001111111111111111
000000001111111111111111
000000001111111111111111
000000001111111111111111
000000001111111111111111
000000001111111111111111
000000001111111111111111
000000001111111111111111
000000001111111111111111
000000001111111111111111
000000001111111111111111
000000001111111111111111
000000001111111111111111
000000001111111111111111
000000001111111111111111
