000000001111111111111111
000000001111111111111111
000000001111111111111111
000000001111111111111111
000000001111111111111111
000000001111111111111111
000000001111111111111111
000000001111111111111111
000000001111111111111111
000000001111111111111111
000000001111111111111111
000000001111111111111111
000000001111111111111111
000000001111111111111111
000101111001010010001001
001101010001100000000000
001100010010010100001110
001101110000111100000000
000000111110111011101100
000000001111111111111111
000000001111111111111111
000000001111111111111111
000000001111111111111111
000000001111111111111111
000000001111111111111111
000000001111111111111111
000000001111111111111111
000000001111111111111111
000000001111111111111111
000000001111111111111111
000000001111111111111111
000000001111111111111111
000000001111111111111111
000000001111111111111111
000000001111111111111111
000000001111111111111111
000000001111111111111111
000000001111111111111111
000000001111111111111111
000110111000011101111010
001111110110101001001101
011001000100001100010101
010111110100100000011011
011001100100000000010000
001001011000011101110101
000111001000101001111101
000010111101000111001100
000000001111111111111111
000000001111111111111111
000000001111111111111111
000000001111111111111111
000000001111111111111111
000000001111111111111111
000000001111111111111111
000000001111111111111111
000000001111111111111111
000000001111111111111111
000000001111111111111111
000000001111111111111111
000000001111111111111111
000000001111111111111111
000000001111111111111111
000000001111111111111111
000000001111111111111111
000000001111111111111111
001110010000000000000000
011000110100001100010100
100100000110110000101000
100010110110100100100111
100100110110111100101001
010001000010011000000110
001111000000101100000000
000110001010000110010111
000000001111111111111111
000000001111111111111111
000000001111111111111111
000000001111111111111111
000000001111111111111111
000000001111111111111111
000000001111111111111111
000000001111111111111111
000000001111111111111111
000000001111111111111111
000000001111111111111111
000000001111111111111111
000000001111111111111111
000000001111111111111111
000000001111111111111111
000000011111011111110110
000011101100011111000000
000001011101111011011100
010011010010001100000000
011001010100110000011100
100000100110001000100101
100000000110000000100100
100010010110011100100110
010000000011000000010010
001110010001100000000000
000101111010011010011101
000000001111111111111111
000000001111111111111111
000000001111111111111111
000000001111111111111111
000000001111111111111111
000000001111111111111111
000000001111111111111111
000000001111111111111111
000000001111111111111111
000000001111111111111111
000000001111111111111111
000000001111111111111111
000000001111111111111111
000000001111111111111111
000000001111111111111111
000001001110011111100101
001110010000000000000000
001010100000100000000000
100110110111010100101011
011110110101110100100010
011001100100110100011101
011010110101000100011111
011110110101110000100010
001111000010110100010001
001101110001011100000000
000100001011000010101010
000000001111111111111111
000000001111111111111111
000000001111111111111111
000000001111111111111111
000000001111111111111111
000000001111111111111111
000000001111111111111111
000000001111111111111111
000000001111111111111111
000000001111111111111111
000000001111111111111111
000000001111111111111111
000000001111111111111111
000000001111111111111111
001000100110111101011111
001111100100001100100110
100000110101110100100000
011111000101111000100011
011011010101001100011111
011011000101001000011111
011010100101000000011110
011010110101000100011111
011100000101010100100000
010010110011011100010101
010001000010111100010000
010100110100111100101000
010111000110010100111010
000000001111111111111111
000000001111111111111111
000000001111111111111111
000000001111111111111111
000000001111111111111111
000000001111111111111111
000000001111111111111111
000000001111111111111111
000000001111111111111111
000000001111111111111111
000000001111111111111111
000000001111111111111111
000000001111111111111111
001010000101010001000010
010001110010011100000110
100011110110110000101000
100010110110100000100111
011001100100110100011101
011010100101000000011110
011010110101000100011111
011010110101000100011111
011011110101010000100000
010011000011011100010101
010000110011001000010011
010111110100000100010101
011100010100101000010110
000000001111111111111111
000000001111111111111111
000000001111111111111111
000000001111111111111111
000000001111111111111111
000000001111111111111111
000000001111111111111111
000000001111111111111111
000000001111111111111111
000000001111111111111111
000000001111111111111111
000000001111111111111111
000000001111111111111111
001010000101011101000100
010001100010100100001001
100011100110101100101000
100010010110011100100110
011011110101001100011111
011011100101001100011111
011010110101000100011111
011010000100111100011110
010111110100100000011011
010111010100010100011011
010111100100011100011011
010011100011011100010011
010000010010110000001110
000000001111111111111111
000000001111111111111111
000000001111111111111111
000000001111111111111111
000000001111111111111111
000000001111111111111111
000000001111111111111111
000000001111111111111111
000000001111111111111111
000000001111111111111111
000000001111111111111111
000000001111111111111111
000000001111111111111111
001010000101011101000101
010001100010101000001010
100011100110100100100110
100010010110011100100110
011101010101100000100000
011100010101010000100000
011010110101000100011111
011001100100110100011101
010101010011111100010111
011010010100111100011110
011100010101011000100000
010000100010111100010000
001000010001011000000111
000000001111111111111111
000000001111111111111111
000000001111111111111111
000000001111111111111111
000000001111111111111111
000000001111111111111111
000000001111111111111111
000000001111111111111111
000000001111111111111111
000000001111111111111111
000000001111111111111111
000000001111111111111111
000000001111111111111111
000000001111111111111111
000000101110110111101100
001100110000110100000000
001011010010001000001101
001011100010001000001101
001110100010110000010001
010001000011001000010011
010011110011101000010110
011100010101011000100001
010110100100010000011001
010101010100000000010111
011001110100111000011101
011101010101011000011111
001101110000101100000000
010000110000000000000000
000001001110111111101110
000000001111111111111111
000000001111111111111111
000000001111111111111111
000000001111111111111111
000000001111111111111111
000000001111111111111111
000000001111111111111111
000000001111111111111111
000000001111111111111111
000000001111111111111111
000000001111111111111111
000010101101011111010010
010000100000000000000000
001111000001001000000000
001100110010011000001111
001111010010111000010010
010001010011001100010011
010100000011110000010111
011101100101101000100010
010110110100010000011001
010101010100000000010111
011000100100101000011011
011011010101001100100000
001100010010010000001110
001111000001001000000000
000000111111001111110010
000000001111111111111111
000000001111111111111111
000000001111111111111111
000000001111111111111111
000000001111111111111111
000000001111111111111111
000000001111111111111111
000000001111111111111111
000000001111111111111111
000000001111111111111111
000000001111111111111111
000000001111111111111111
000000001111100111111001
000000001111111111111111
010010110001110000000000
010101110100000100011001
011011000101000100011111
010110110100000000010111
001000110000111000000000
011001000100100100011010
011011010101001000011111
011011010101001000011111
011011110101001100011111
001100110001101000000011
001111110000100000000000
000000111111000111110000
000000001111111111111111
000000001111111111111111
000000001111111111111111
000000001111111111111111
000000001111111111111111
000000001111111111111111
000000001111111111111111
000000001111111111111111
000000001111111111111111
000000001111111111111111
000000001111111111111111
000000111111010111110011
000110101011011110101011
000011111100110011000101
011010000011101000001001
010110000100000100011001
010100110011101100010100
010001010100011100100111
000011010111001001101100
010100010100011100100001
010110110100001000011000
010110100100001000011001
010110100100000100011000
000111100111011101101010
001010000110001101010000
000000101111011011110101
000000001111111111111111
000000001111111111111111
000000001111111111111111
000000001111111111111111
000000001111111111111111
000000001111111111111111
000000001111111111111111
000000001111111111111111
000000001111111111111111
000000001111111111111111
000000001111111111111111
000011001101110111010111
010101010001001000000000
010001100001111100000000
100111100111011100101100
010101110011111100010110
000111110000100100000000
000110110101000101000101
000000001111111111111111
001011000100000100101101
001101010001110000000100
001101000001111100000111
001101000001111100001001
000000001111111111111111
000000001111111111111111
000000001111111111111111
000000001111111111111111
000000001111111111111111
000000001111111111111111
000000001111111111111111
000000001111111111111111
000000001111111111111111
000000001111111111111111
000000001111111111111111
000000001111111111111111
000000001111111111111111
000000011111101011111001
000100001101001111001011
010100010010011100000010
010001000011001000010011
100011110110100100100110
010100100100010100011111
001000010010000100010001
000111010101110001001111
000000001111111111111111
001011010100111100111010
001101010010111100010111
001101000011001000011010
001101000011001000011011
000000001111111111111111
000000001111111111111111
000000001111111111111111
000000001111111111111111
000000001111111111111111
000000001111111111111111
000000001111111111111111
000000001111111111111111
000000001111111111111111
000000001111111111111111
000000001111111111111111
000000001111111111111111
000000001111111111111111
001110010101011100111110
010101100010000100000000
011100110101011000100001
011110000101101000100010
000110110000000000000000
000011011001001010001100
000000001111111111111111
000000001111111111111111
000000001111111111111111
000000001111111111111111
000000001111111111111111
000000001111111111111111
000000001111111111111111
000000001111111111111111
000000001111111111111111
000000001111111111111111
000000001111111111111111
000000001111111111111111
000000001111111111111111
000000001111111111111111
000000001111111111111111
000000001111111111111111
000000001111111111111111
000000001111111111111111
001101010110101101010011
001011110111011001100001
010101010101000000101001
010110010100000000010111
001110000010101000001111
010000010001110000000000
000001111100011011000010
000001011101111011011011
000000001111111111111111
000000001111111111111111
000000001111111111111111
000000001111111111111111
000000001111111111111111
000000001111111111111111
000000001111111111111111
000000001111111111111111
000000001111111111111111
000000001111111111111111
000000001111111111111111
000000001111111111111111
000000001111111111111111
000000001111111111111111
000000001111111111111111
000000001111111111111111
000000001111111111111111
000000001111111111111111
010011000010000000000000
010001100010011100000111
011001010100100000011001
011000010100011000011001
001000010000101100000000
001011000000000000000000
000000001111111111111111
000000001111111111111111
000000001111111111111111
000000001111111111111111
000000001111111111111111
000000001111111111111111
000000001111111111111111
000000001111111111111111
000000001111111111111111
000000001111111111111111
000000001111111111111111
000000001111111111111111
000000001111111111111111
000000001111111111111111
000000001111111111111111
000000001111111111111111
000000001111111111111111
000000001111111111111111
000011001101110111010111
000110001011000110100110
011001100100010000010101
011001010100101100011100
010101000011101100010100
010000110100001100100100
000100101000000101111000
000110100110101001011101
000000001111111111111111
000000001111111111111111
000000001111111111111111
000000001111111111111111
000000001111111111111111
000000001111111111111111
000000001111111111111111
000000001111111111111111
000000001111111111111111
000000001111111111111111
000000001111111111111111
000000001111111111111111
000000001111111111111111
000000001111111111111111
000000001111111111111111
000000001111111111111111
000000001111111111111111
000000001111111111111111
000110011011001010100111
010010000001000000000000
100110110111001100101011
101000100111100100101110
010001000001011000000000
000111010010101100011110
000000001111111111111111
000000001111111111111111
000000001111111111111111
000000001111111111111111
000000001111111111111111
000000001111111111111111
000000001111111111111111
000000001111111111111111
000000001111111111111111
000000001111111111111111
000000001111111111111111
000000001111111111111111
000000001111111111111111
000000001111111111111111
000000001111111111111111
000000001111111111111111
000000001111111111111111
000000001111111111111111
001101010110110001010100
010011100010001000000000
010110000011101000010010
011100100101010100100000
001000010001100000001000
001001100000011100000000
000001011101000111001101
000000001111111111111111
000000001111111111111111
000000001111111111111111
000000001111111111111111
000000001111111111111111
000000001111111111111111
000000001111111111111111
000000001111111111111111
000000001111111111111111
000000001111111111111111
000000001111111111111111
000000001111111111111111
000000001111111111111111
000000001111111111111111
000000001111111111111111
000000001111111111111111
000000001111111111111111
000000001111111111111111
000000001111111111111111
001011010111010101100000
010001010010011000000111
010101000011111000010111
011101110101100100100010
001010000000100000000000
001011100000000000000000
000010011100011011000000
000000001111111111111111
000000001111111111111111
000000001111111111111111
000000001111111111111111
000000001111111111111111
000000001111111111111111
000000001111111111111111
000000001111111111111111
000000001111111111111111
000000001111111111111111
000000001111111111111111
000000001111111111111111
000000001111111111111111
000000001111111111111111
000000001111111111111111
000000001111111111111111
000000001111111111111111
000000101111010111110100
001101110101011000111101
011001110101111000101111
100000110101111100100010
010111110100010100011000
001110010000111000000000
000001101101000111001110
000010011100011011000001
000000011111001111110010
000000001111111111111111
000000001111111111111111
000000001111111111111111
000000001111111111111111
000000001111111111111111
000000001111111111111111
000000001111111111111111
000000001111111111111111
000000001111111111111111
000000001111111111111111
000000001111111111111111
000000001111111111111111
000000001111111111111111
000000001111111111111111
000000001111111111111111
000000001111111111111111
000000001111111111111111
000000111111001111110001
010101100001101100000000
011011100100111100011100
100000010101111000100001
010101010101000100101000
000111000010101100011101
000000001111111111111111
000000001111111111111111
000000001111111111111111
000000001111111111111111
000000001111111111111111
000000001111111111111111
000000001111111111111111
000000001111111111111111
000000001111111111111111
000000001111111111111111
000000001111111111111111
000000001111111111111111
000000001111111111111111
000000001111111111111111
000000001111111111111111
000000001111111111111111
000000001111111111111111
000000001111111111111111
000000001111111111111111
000000001111111111111111
000001101111011011110011
011110110100000100001000
001101100010100000001111
000111100000100000000000
000100000111111101111000
000000001111111111111111
000000001111111111111111
000000001111111111111111
000000001111111111111111
000000001111111111111111
000000001111111111111111
000000001111111111111111
000000001111111111111111
000000001111111111111111
000000001111111111111111
000000001111111111111111
000000001111111111111111
000000001111111111111111
000000001111111111111111
000000001111111111111111
000000001111111111111111
000000001111111111111111
000000001111111111111111
000000001111111111111111
000000001111111111111111
000000001111111111111111
000001011111010111110011
011110000011111100000111
001110110010110000010001
001001110001000000000000
000101110111100101101111
000000001111111111111111
000000001111111111111111
000000001111111111111111
000000001111111111111111
000000001111111111111111
000000001111111111111111
000000001111111111111111
000000001111111111111111
000000001111111111111111
000000001111111111111111
000000001111111111111111
000000001111111111111111
000000001111111111111111
000000001111111111111111
000000001111111111111111
000000001111111111111111
000000001111111111111111
000000001111111111111111
000000001111111111111111
000000001111111111111111
