000000001111111111111111
000000001111111111111111
000000001111111111111111
000000001111111111111111
000000001111111111111111
000000001111111111111111
000000011000011010000110
000000100000000000000000
000000010000000100000001
000000010000000100000001
000000010000000100000001
000000010000000100000001
000000100000000000000000
000000001111111111111111
000000001111111111111111
000000001111111111111111
000000001111111111111111
000000001111111111111111
000000001111111111111111
000000001111111111111111
000000001111111111111111
000000001111111111111111
000000001111111111111111
000000001111111111111111
000000001111111111111111
000000001111111111111111
000000001111111111111111
000000001111111111111111
000000001111111111111111
000000001111111111111111
000000001111110111111101
000000001010011110100111
000001100101100101011001
000010110000000100000001
000010100000101000001010
000010110000101100001011
000010110000101100001011
000011000000110000001100
000011100000000000000000
000000001011011010110110
000000001100011011000110
000000001111111111111111
000000001111111111111111
000000001111111111111111
000000001111111111111111
000000001111111111111111
000000001111111111111111
000000001111111111111111
000000001111111111111111
000000001111111111111111
000000001111111111111111
000000001111111111111111
000000001111111111111111
000000001111111111111111
000000001111111111111111
000000001111111111111111
000000001111010111110101
000000100000000000000000
000011100000010100000101
000111000001110000011100
000110100001101000011010
000111000001110000011100
000111110001111100011111
001000010010000100100001
001001000010010000100100
000000000000000000000000
000000100100110101001101
000000001111111111111111
000000001111111111111111
000000001111111111111111
000000001111111111111111
000000001111111111111111
000000001111111111111111
000000001111111111111111
000000001111111111111111
000000001111111111111111
000000001111111111111111
000000001111111111111111
000000001111111111111111
000000001111111111111111
000000001111111111111111
000000001111111111111111
000000001111111111111111
000000000000000000000000
000010110000101100001011
000110000001100000011000
000101100001011000010110
000101110001011100010111
000110110001101100011011
000111110001111100011111
001000100010001000100010
000000000000000000000000
000000000110001101100011
000000001111111111111111
000000001111111111111111
000000001111111111111111
000000001111111111111111
000000001111111111111111
000000001111111111111111
000000001111111111111111
000000001111111111111111
000000001111111111111111
000000001111111111111111
000000001111111111111111
000000001111111111111111
000000001111111111111111
000000100110011001100110
000000100000000000000000
000001000000000000000000
000110000001011000010110
001000010010000100100001
001010110010101100101011
001010100010101000101010
001110100011101000111010
001010100010101000101010
000110000001100000011000
000110100001101000011010
000111000001110000011100
000100110000111000001110
000000000000000000000000
000000100000000000000000
000000001111111111111111
000000001111111111111111
000000001111111111111111
000000001111111111111111
000000001111111111111111
000000001111111111111111
000000001111111111111111
000000001111111111111111
000000001111111111111111
000000001111111111111111
000000001111111111111111
000000100110101101101011
000000100000000000000000
000001000000001000000010
000110100001101000011010
001000100010001000100010
001010110010101100101011
001010100010101000101010
001101100011011000110110
001010110010101100101011
000111010001110100011101
000111110001111100011111
000110110001101100011011
000101010001010000010100
000010000000011000000110
000010100000000000000000
000000001011111110111111
000000001100111011001110
000000001111111111111111
000000001111111111111111
000000001111111111111111
000000001111111111111111
000000001111111111111111
000000001111111111111111
000000001111111111111111
000000001111111111111111
000000001111111111111111
000000100110110101101101
000000100000000000000000
000000110000001100000011
001000000010000000100000
001001010010010100100101
001010110010101100101011
001010100010101000101010
001011010010110100101101
001011010010110100101101
001011000010110000101100
001011100010111000101110
000110010001100100011001
000110110001101100011011
000111010001110100011101
000111110001111100011111
000000110000000000000000
000000100011011100110111
000000001111111111111111
000000001111111111111111
000000001111111111111111
000000001111111111111111
000000001111111111111111
000000001111111111111111
000000001111111111111111
000000001111111111111111
000000001111111111111111
000000100110110101101101
000000100000000000000000
000000110000001100000011
001000000010000000100000
001001010010010100100101
001010110010101100101011
001010100010101000101010
001011100010111000101110
001011010010110100101101
001010100010101000101010
001011010010110100101101
000101100001011000010110
000110010001100100011001
000110100001101000011010
000111010001110100011101
000000000000000000000000
000000000100110001001100
000000001111111111111111
000000001111111111111111
000000001111111111111111
000000001111111111111111
000000001111111111111111
000000001111111111111111
000000001111111111111111
000000001111111111111111
000000001111111111111111
000000010111000001110000
000000100000000000000000
000000100000001000000010
000110110001101100011011
001000110010001100100011
001011000010110000101100
001010110010101100101011
001011100010111000101110
001011010010110100101101
001010100010101000101010
001010110010101100101011
001011100010111000101110
001010010010100100101001
000111110001111100011111
001000010010000100100001
000110100001100000011000
000101000001010100010101
000000000000101100001011
000000100000000000000000
000000001111110011111100
000000001111111111111111
000000001111111111111111
000000001111111111111111
000000001111111111111111
000000001111110011111100
000000001101011011010110
000001010101110001011100
000001110000000000000000
000010000000100000001000
001000010010000100100001
001001100010011000100110
001011000010110000101100
001010110010101100101011
001011010010110100101101
001011000010110000101100
001010010010100100101001
001010010010100100101001
001011100010111000101110
001010000010100000101000
000111010001110100011101
000111100001111000011110
000110110001101100011011
000101100001010000010100
000001000000000000000000
000001110000000000000000
000000001100010111000101
000000001101101011011010
000000001111111111111111
000000001111111111111111
000000001111111111111111
000000001110010111100101
000000010000000000000000
000100100000100000001000
000111100001111000011110
000111100001111000011110
001110000011100000111000
001100000011000000110000
001010100010101000101010
001010110010101100101011
001001110010011100100111
001001100010011000100110
001001000010010000100100
001000110010001100100011
001011000010110000101100
001001000010010000100100
000101000001010000010100
000101010001010100010101
000110110001101100011011
000110010001100100011001
000101100001011000010110
000110000001100000011000
000000110000000000000000
000000100010000000100000
000000001111111111111111
000000001111111111111111
000000001111111111111111
000000001110100111101001
000000010000000000000000
000100010001000100010001
000111000001110000011100
000111000001110000011100
001101100011011000110110
001011110010111100101111
001010100010101000101010
001010110010101100101011
001010010010100100101001
001010000010100000101000
001001100010011000100110
001001010010010100100101
001011100010111000101110
001001100010011000100110
000101100001011000010110
000101110001011100010111
000111000001110000011100
000110010001100100011001
000101010001010100010101
000101110001011100010111
000000110000000000000000
000000010011001000110010
000000001111111111111111
000000001111111111111111
000000001111111111111111
000000001110100111101001
000000010000000000000000
000011100000111000001110
000110000001100000011000
000110000001100000011000
001011100010111000101110
001011000010110000101100
001011010010110100101101
001011010010110100101101
000110100001101000011010
000110010001100100011001
000101010001010100010101
000101000001010000010100
000111100001111000011110
000110000001100000011000
000011110000111100001111
000100000001000000010000
000101100001011000010110
000100110001001100010011
000011000000110000001100
000011010000110100001101
000000100000000000000000
000000010011001100110011
000000001111111111111111
000000001111111111111111
000000001111111111111111
000000001110100111101001
000000010000000000000000
000011100000111000001110
000110000001100000011000
000110000001100000011000
001010110010101100101011
001010100010101000101010
001010110010101100101011
001011000010110000101100
000110010001100100011001
000110000001100000011000
000100110001001100010011
000100110001001100010011
000110110001101100011011
000101110001011100010111
000011110000111100001111
000011110000111100001111
000101010001010100010101
000100100001001000010010
000011000000110000001100
000011010000110100001101
000001010000000000000000
000000110010111100101111
000000001111011011110110
000000001101111011011110
000000001111111011111110
000000001110100111101001
000000010000000000000000
000100010001000100010001
000111000001110000011100
000110110001101100011011
001000110010001100100011
001000010010000100100001
000111100001111000011110
000111110001111100011111
000110100001101000011010
000110110001101100011011
000110110001101100011011
000110110001101100011011
000110110001101100011011
000110010001100100011001
000101010001010100010101
000101010001010100010101
000100110001001100010011
000101000001010000010100
000101100001011000010110
000101010001010100010101
000101110001011100010111
000100110000110100001101
000000010000000000000000
000000110000000000000000
000000001110010011100100
000000001110100111101001
000000010000000000000000
000100010001000100010001
000111000001110000011100
000110110001101100011011
001001000010010000100100
001000100010001000100010
001000000010000000100000
001000010010000100100001
000110100001101000011010
000110110001101100011011
000110110001101100011011
000110110001101100011011
000110110001101100011011
000110010001100100011001
000101000001010000010100
000101010001010100010101
000100110001001100010011
000100110001001100010011
000101010001010100010101
000101010001010100010101
000101010001010100010101
000100100001001000010010
000000010000000100000001
000000110000000000000000
000000001110100111101001
000000001110100111101001
000000010000000000000000
000100010001000100010001
000111000001110000011100
000110110001101100011011
000111000001110000011100
000111000001110000011100
000110110001101100011011
000111000001110000011100
000110100001101000011010
000110110001101100011011
000110110001101100011011
000110110001101100011011
000101100001011000010110
000101100001011000010110
000101000001010000010100
000101010001010100010101
000101000001010000010100
000101000001010000010100
000101010001010100010101
000101010001010100010101
000101100001011000010110
000100100001001000010010
000000010000000100000001
000000110000000000000000
000000001110100111101001
000000001110100111101001
000000010000000000000000
000100010001000100010001
000111000001110000011100
000110100001101000011010
000110100001101000011010
000110100001101000011010
000110100001101000011010
000110100001101000011010
000110100001101000011010
000110100001101000011010
000110100001101000011010
000110110001101100011011
000101010001010100010101
000101010001010100010101
000101000001010000010100
000101000001010000010100
000101000001010000010100
000101000001010000010100
000101000001010000010100
000101000001010000010100
000101100001011000010110
000100010001000100010001
000000010000000100000001
000000110000000000000000
000000001110100111101001
000000001110100111101001
000000100000000000000000
000011000000110000001100
000101010001010100010101
000101000001010000010100
000011100000111000001110
000101000001010000010100
000110000001100000011000
000110000001100000011000
000100110001001100010011
000101000001010000010100
000101000001010000010100
000101000001010000010100
000101010001010100010101
000100000001000000010000
000010010000100100001001
000010100000101000001010
000001110000011100000111
000010000000100000001000
000011000000110000001100
000011000000110000001100
000001110000011100000111
000001100000011000000110
000000100000001000000010
000000110000000000000000
000000001110100111101001
000000001110010111100101
000000100000000000000000
000011100000010000000100
000101110001011100010111
000101100001011000010110
000011110000111100001111
000101010001010100010101
000110000001100000011000
000110000001100000011000
000101010001010100010101
000101010001010100010101
000101010001010100010101
000101010001010100010101
000101100001011000010110
000100010001000100010001
000010100000101000001010
000010110000101100001011
000010000000100000001000
000010010000100100001001
000011010000110100001101
000011010000110100001101
000010010000100100001001
000001110000001000000010
000000100000000000000000
000000110000000000000000
000000001110010111100101
000000001111101011111010
000000001011111110111111
000001010101001001010010
000010000000000000000000
000010000000011000000110
000101010001010100010101
000101010001010100010101
000101100001011000010110
000101100001011000010110
000010110000101100001011
000011000000110000001100
000011010000110100001101
000011010000110100001101
000011010000110100001101
000011010000110100001101
000011000000110000001100
000011000000110000001100
000011100000111000001110
000011100000111000001110
000011100000111000001110
000011110000111100001111
000001010000000000000000
000000110010010100100101
000000001100110011001100
000000001011010010110100
000000001111101011111010
000000001111111111111111
000000001111111111111111
000000010110101001101010
000000100000000000000000
000000100000000000000000
000101110001011000010110
000101010001010100010101
000101010001010100010101
000101010001010100010101
000010000000100000001000
000010010000100100001001
000010100000101000001010
000010100000101000001010
000010100000101000001010
000011000000110000001100
000011010000110100001101
000011010000110100001101
000100010001000100010001
000100000001000000010000
000011110000111100001111
000100000000111100001111
000001000000000000000000
000000010010110000101100
000000001111111111111111
000000001111111111111111
000000001111111111111111
000000001111111111111111
000000001111111111111111
000000001111111111111111
000000001111111111111111
000000001111111111111111
000000000000000000000000
000001010000010100000101
000010100000101000001010
000010010000100100001001
000010100000101000001010
000100000001000000010000
000110010001100100011001
000110100001101000011010
000000000000000000000000
000000010000000100000001
000000010000000100000001
000000010000000100000001
000000010000000100000001
000000010000000100000001
000000010000000100000001
000000010000000000000000
000000001111111111111111
000000001111111111111111
000000001111111111111111
000000001111111111111111
000000001111111111111111
000000001111111111111111
000000001111111111111111
000000001111111111111111
000000001111111111111111
000000001111010111110101
000000110000000000000000
000001110000000000000000
000011000000110000001100
000010110000101100001011
000010110000101100001011
000100000001000000010000
000110010001100100011001
000110110001101100011011
000000000000000000000000
000000110000000000000000
000000110000000000000000
000000110000000000000000
000000110000000000000000
000000110000000000000000
000000110000000000000000
000000110000000000000000
000000001111010111110101
000000001111111111111111
000000001111111111111111
000000001111111111111111
000000001111111111111111
000000001111111111111111
000000001111111111111111
000000001111111111111111
000000001111111111111111
000000001111110111111101
000000001010011110100111
000000110101011101010111
000001100000000000000000
000001010000010100000101
000001010000010100000101
000001110000011100000111
000010100000101000001010
000010110000000000000000
000000001011101110111011
000000011010100010101000
000000011010100010101000
000000011010100010101000
000000011010100010101000
000000011010100010101000
000000011010100010101000
000000011001111010011110
000000001111110111111101
000000001111111111111111
000000001111111111111111
000000001111111111111111
000000001111111111111111
000000001111111111111111
000000001111111111111111
000000001111111111111111
000000001111111111111111
000000001111111111111111
000000001111111111111111
000000011000011010000110
000000100000000000000000
000000100000001000000010
000000100000001000000010
000000100000001000000010
000000100000001000000010
000000100000000000000000
000000001111111111111111
000000001111111111111111
000000001111111111111111
000000001111111111111111
000000001111111111111111
000000001111111111111111
000000001111111111111111
000000001111111111111111
000000001111111111111111
000000001111111111111111
000000001111111111111111
000000001111111111111111
000000001111111111111111
