011111010111110101111101
011001000110010001100100
011001000110010001100100
011000100110001001100010
011000100110001001100010
101100001011000010110000
101010011010100110101001
101010011010100110101001
011111110111111101111111
011111110111111101111111
011100000111000001110000
101010011010100110101001
101010011010100110101001
101000101010001010100010
011111100111111001111110
011111100111111001111110
011001000110010001100100
011001000110010001100100
010100100101001001010010
010110100101101001011010
010110100101101001011010
011011010110110101101101
011011010110110101101101
101001101010011010100110
101100001011000010110000
101100001011000010110000
100010011000100110001001
011000100110001001100010
011000100110001001100010
101010011010100110101001
101010011010100110101001
101011001010110010101100
100001111000011110000111
100001111000011110000111
011001110110011101100111
011001110110011101100111
101010011010100110101001
100001101000011010000110
100001101000011010000110
101100001011000010110000
100011011000110110001101
100011011000110110001101
100011101000111010001110
100011101000111010001110
011000100110001001100010
011000110110001101100011
011000110110001101100011
101000111010001110100011
101000111010001110100011
011111110111111101111111
011111110111111101111111
011111110111111101111111
100010011000100110001001
011000100110001001100010
011000100110001001100010
101010011010100110101001
101010011010100110101001
101011001010110010101100
100001111000011110000111
100001111000011110000111
011001110110011101100111
011001110110011101100111
101010011010100110101001
100001101000011010000110
100001101000011010000110
101100001011000010110000
100011011000110110001101
100011011000110110001101
100011101000111010001110
100011101000111010001110
011000100110001001100010
011000110110001101100011
011000110110001101100011
101000111010001110100011
101000111010001110100011
011111110111111101111111
011111110111111101111111
011111110111111101111111
011000100110001001100010
101000001010000010100000
101000001010000010100000
011110100111101001111010
011110100111101001111010
011111110111111101111111
011111110111111101111111
011111110111111101111111
010100100101001001010010
010100100101001001010010
101010011010100110101001
100100101001001010010010
100100101001001010010010
011111110111111101111111
011111110111111101111111
011111110111111101111111
100001011000010110000101
100001011000010110000101
010101100101011001010110
011001000110010001100100
011001000110010001100100
011000100110001001100010
011000100110001001100010
100101111001011110010111
100000111000001110000011
100000111000001110000011
011000100110001001100010
101000001010000010100000
101000001010000010100000
011110100111101001111010
011110100111101001111010
011111110111111101111111
011111110111111101111111
011111110111111101111111
010100100101001001010010
010100100101001001010010
101010011010100110101001
100100101001001010010010
100100101001001010010010
011111110111111101111111
011111110111111101111111
011111110111111101111111
100001011000010110000101
100001011000010110000101
010101100101011001010110
011001000110010001100100
011001000110010001100100
011000100110001001100010
011000100110001001100010
100101111001011110010111
100000111000001110000011
100000111000001110000011
011000100110001001100010
011000100110001001100010
011000100110001001100010
100110111001101110011011
100110111001101110011011
011111010111110101111101
011100010111000101110001
011100010111000101110001
010101100101011001010110
010101100101011001010110
011111110111111101111111
100000011000000110000001
100000011000000110000001
100011111000111110001111
011111110111111101111111
011111110111111101111111
010101100101011001010110
010101100101011001010110
010110000101100001011000
101001011010010110100101
101001011010010110100101
011000100110001001100010
011000100110001001100010
011000100110001001100010
010100110101001101010011
010100110101001101010011
100110011001100110011001
101010011010100110101001
101010011010100110101001
010101100101011001010110
010101100101011001010110
010101100101011001010110
010101100101011001010110
010101100101011001010110
010101100101011001010110
010101100101011001010110
011010000110100001101000
011111110111111101111111
011111110111111101111111
010100000101000001010000
010101010101010101010101
010101010101010101010101
101010011010100110101001
101010011010100110101001
100110101001101010011010
011111110111111101111111
011111110111111101111111
011111110111111101111111
011111110111111101111111
011000100110001001100010
011011110110111101101111
011011110110111101101111
100110011001100110011001
101010011010100110101001
101010011010100110101001
010101100101011001010110
010101100101011001010110
010101100101011001010110
010101100101011001010110
010101100101011001010110
010101100101011001010110
010101100101011001010110
011010000110100001101000
011111110111111101111111
011111110111111101111111
010100000101000001010000
010101010101010101010101
010101010101010101010101
101010011010100110101001
101010011010100110101001
100110101001101010011010
011111110111111101111111
011111110111111101111111
011111110111111101111111
011111110111111101111111
011000100110001001100010
011011110110111101101111
011011110110111101101111
101011111010111110101111
011111000111110001111100
011111000111110001111100
011100100111001001110010
011100100111001001110010
101011101010111010101110
101000101010001010100010
101000101010001010100010
101011011010110110101101
101011011010110110101101
011000100110001001100010
010101100101011001010110
010101100101011001010110
011010000110100001101000
101111111011111110111111
101111111011111110111111
100111101001111010011110
100111101001111010011110
011111110111111101111111
100011111000111110001111
100011111000111110001111
011111110111111101111111
011111110111111101111111
100001111000011110000111
011010000110100001101000
011010000110100001101000
101011111010111110101111
011111000111110001111100
011111000111110001111100
011100100111001001110010
011100100111001001110010
101011101010111010101110
101000101010001010100010
101000101010001010100010
101011011010110110101101
101011011010110110101101
011000100110001001100010
010101100101011001010110
010101100101011001010110
011010000110100001101000
101111111011111110111111
101111111011111110111111
100111101001111010011110
100111101001111010011110
011111110111111101111111
100011111000111110001111
100011111000111110001111
011111110111111101111111
011111110111111101111111
100001111000011110000111
011010000110100001101000
011010000110100001101000
011101110111011101110111
100001111000011110000111
100001111000011110000111
010111100101111001011110
010111100101111001011110
100111001001110010011100
100000101000001010000010
100000101000001010000010
011110100111101001111010
011110100111101001111010
011111100111111001111110
011000100110001001100010
011000100110001001100010
011000100110001001100010
011000100110001001100010
011000100110001001100010
011111110111111101111111
011111110111111101111111
100011011000110110001101
100010001000100010001000
100010001000100010001000
100100011001000110010001
100100011001000110010001
010111100101111001011110
010110100101101001011010
010110100101101001011010
011110010111100101111001
011101110111011101110111
011101110111011101110111
011101000111010001110100
011101000111010001110100
010101100101011001010110
010011010100110101001101
010011010100110101001101
010011000100110001001100
010011000100110001001100
010101100101011001010110
100010011000100110001001
100010011000100110001001
101001111010011110100111
100000011000000110000001
100000011000000110000001
010111010101110101011101
010111010101110101011101
011000110110001101100011
011100100111001001110010
011100100111001001110010
010100110101001101010011
010100110101001101010011
010111010101110101011101
011001110110011101100111
011001110110011101100111
011110010111100101111001
011101110111011101110111
011101110111011101110111
011101000111010001110100
011101000111010001110100
010101100101011001010110
010011010100110101001101
010011010100110101001101
010011000100110001001100
010011000100110001001100
010101100101011001010110
100010011000100110001001
100010011000100110001001
101001111010011110100111
100000011000000110000001
100000011000000110000001
010111010101110101011101
010111010101110101011101
011000110110001101100011
011100100111001001110010
011100100111001001110010
010100110101001101010011
010100110101001101010011
010111010101110101011101
011001110110011101100111
011001110110011101100111
011000100110001001100010
101010011010100110101001
101010011010100110101001
101010011010100110101001
101010011010100110101001
101010011010100110101001
100000011000000110000001
100000011000000110000001
010111010101110101011101
010111010101110101011101
101011001010110010101100
100101101001011010010110
100101101001011010010110
101010011010100110101001
101010011010100110101001
101010011010100110101001
100100001001000010010000
100100001001000010010000
011011000110110001101100
100110111001101110011011
100110111001101110011011
100011001000110010001100
100011001000110010001100
011001010110010101100101
011000100110001001100010
011000100110001001100010
011000100110001001100010
011111110111111101111111
011111110111111101111111
100001111000011110000111
100001111000011110000111
011111110111111101111111
100011011000110110001101
100011011000110110001101
010100000101000001010000
010100000101000001010000
011001100110011001100110
011100100111001001110010
011100100111001001110010
101010011010100110101001
101010011010100110101001
101010011010100110101001
011011000110110001101100
011011000110110001101100
011111110111111101111111
010011100100111001001110
010011100100111001001110
011000100110001001100010
011000100110001001100010
101010011010100110101001
101010011010100110101001
101010011010100110101001
011000100110001001100010
011111110111111101111111
011111110111111101111111
100001111000011110000111
100001111000011110000111
011111110111111101111111
100011011000110110001101
100011011000110110001101
010100000101000001010000
010100000101000001010000
011001100110011001100110
011100100111001001110010
011100100111001001110010
101010011010100110101001
101010011010100110101001
101010011010100110101001
011011000110110001101100
011011000110110001101100
011111110111111101111111
010011100100111001001110
010011100100111001001110
011000100110001001100010
011000100110001001100010
101010011010100110101001
101010011010100110101001
101010011010100110101001
010100100101001001010010
010110110101101101011011
010110110101101101011011
100010011000100110001001
100010011000100110001001
011111110111111101111111
010100000101000001010000
010100000101000001010000
011000100110001001100010
011000100110001001100010
011000100110001001100010
011010010110100101101001
011010010110100101101001
010110100101101001011010
011111110111111101111111
011111110111111101111111
011111110111111101111111
011111110111111101111111
010100000101000001010000
011000010110000101100001
011000010110000101100001
101010011010100110101001
101010011010100110101001
101010011010100110101001
100000101000001010000010
100000101000001010000010
010100100101001001010010
010110110101101101011011
010110110101101101011011
100010011000100110001001
100010011000100110001001
011111110111111101111111
010100000101000001010000
010100000101000001010000
011000100110001001100010
011000100110001001100010
011000100110001001100010
011010010110100101101001
011010010110100101101001
010110100101101001011010
011111110111111101111111
011111110111111101111111
011111110111111101111111
011111110111111101111111
010100000101000001010000
011000010110000101100001
011000010110000101100001
101010011010100110101001
101010011010100110101001
101010011010100110101001
100000101000001010000010
100000101000001010000010
010101100101011001010110
011000010110000101100001
011000010110000101100001
010101100101011001010110
010101100101011001010110
010110100101101001011010
011000100110001001100010
011000100110001001100010
101000101010001010100010
101000101010001010100010
101011101010111010101110
100000101000001010000010
100000101000001010000010
011100110111001101110011
010100010101000101010001
010100010101000101010001
011000100110001001100010
011000100110001001100010
011000100110001001100010
101011111010111110101111
101011111010111110101111
100001011000010110000101
100001011000010110000101
100100011001000110010001
011111110111111101111111
011111110111111101111111
011000100110001001100010
100111101001111010011110
100111101001111010011110
100110011001100110011001
100110011001100110011001
100101111001011110010111
010110010101100101011001
010110010101100101011001
011111010111110101111101
011111010111110101111101
101000111010001110100011
100011111000111110001111
100011111000111110001111
101010111010101110101011
101010011010100110101001
101010011010100110101001
011000100110001001100010
011000100110001001100010
011000100110001001100010
101010011010100110101001
101010011010100110101001
100001001000010010000100
100001001000010010000100
100001001000010010000100
010110100101101001011010
010110100101101001011010
011000100110001001100010
100111101001111010011110
100111101001111010011110
100110011001100110011001
100110011001100110011001
100101111001011110010111
010110010101100101011001
010110010101100101011001
011111010111110101111101
011111010111110101111101
101000111010001110100011
100011111000111110001111
100011111000111110001111
101010111010101110101011
101010011010100110101001
101010011010100110101001
011000100110001001100010
011000100110001001100010
011000100110001001100010
101010011010100110101001
101010011010100110101001
100001001000010010000100
100001001000010010000100
100001001000010010000100
010110100101101001011010
010110100101101001011010
101000101010001010100010
101001101010011010100110
101001101010011010100110
100011101000111010001110
100011101000111010001110
100001111000011110000111
011010000110100001101000
011010000110100001101000
011000010110000101100001
011000010110000101100001
010100000101000001010000
011001100110011001100110
011001100110011001100110
011101000111010001110100
100001001000010010000100
100001001000010010000100
011111010111110101111101
011111010111110101111101
011000100110001001100010
011110100111101001111010
011110100111101001111010
100010001000100010001000
100010001000100010001000
011111110111111101111111
010101100101011001010110
010101100101011001010110
101000101010001010100010
101001101010011010100110
101001101010011010100110
100011101000111010001110
100011101000111010001110
100001111000011110000111
011010000110100001101000
011010000110100001101000
011000010110000101100001
011000010110000101100001
010100000101000001010000
011001100110011001100110
011001100110011001100110
011101000111010001110100
100001001000010010000100
100001001000010010000100
011111010111110101111101
011111010111110101111101
011000100110001001100010
011110100111101001111010
011110100111101001111010
100010001000100010001000
100010001000100010001000
011111110111111101111111
010101100101011001010110
010101100101011001010110
011001100110011001100110
100011001000110010001100
100011001000110010001100
101000101010001010100010
101000101010001010100010
011111110111111101111111
011101000111010001110100
011101000111010001110100
011111110111111101111111
011111110111111101111111
011111100111111001111110
010111010101110101011101
010111010101110101011101
010111110101111101011111
010111000101110001011100
010111000101110001011100
011111110111111101111111
011111110111111101111111
011000100110001001100010
011011000110110001101100
011011000110110001101100
010101100101011001010110
010101100101011001010110
010101100101011001010110
011001010110010101100101
011001010110010101100101
100001101000011010000110
010101000101010001010100
010101000101010001010100
011101110111011101110111
011101110111011101110111
100001111000011110000111
011111110111111101111111
011111110111111101111111
010101100101011001010110
010101100101011001010110
011001110110011101100111
101000111010001110100011
101000111010001110100011
011111110111111101111111
011111110111111101111111
011111110111111101111111
010100000101000001010000
010100000101000001010000
011010010110100101101001
101000111010001110100011
101000111010001110100011
101010011010100110101001
101010011010100110101001
011000100110001001100010
100000011000000110000001
100000011000000110000001
100001101000011010000110
010101000101010001010100
010101000101010001010100
011101110111011101110111
011101110111011101110111
100001111000011110000111
011111110111111101111111
011111110111111101111111
010101100101011001010110
010101100101011001010110
011001110110011101100111
101000111010001110100011
101000111010001110100011
011111110111111101111111
011111110111111101111111
011111110111111101111111
010100000101000001010000
010100000101000001010000
011010010110100101101001
101000111010001110100011
101000111010001110100011
101010011010100110101001
101010011010100110101001
011000100110001001100010
100000011000000110000001
100000011000000110000001
