001110000011100000111000
001110000011100000111000
001101010011010100110101
001101010011010100110101
001101010011010100110101
001100110011001100110011
001100000011000000110000
001100000011000000110000
001011110010111100101111
001011110010111100101111
001011010010110100101101
001011010010110100101101
001011010010110100101101
001001000010010000100100
001001000010010000100100
001110110011101100111011
001110000011100000111000
001110000011100000111000
001101010011010100110101
001011010010110100101101
001011010010110100101101
001001110010011100100111
001001110010011100100111
001101100011011000110110
001100100011001000110010
001100100011001000110010
001110000011100000111000
001110000011100000111000
001101010011010100110101
001101010011010100110101
001101010011010100110101
001100110011001100110011
001100000011000000110000
001100000011000000110000
001011110010111100101111
001011110010111100101111
001011010010110100101101
001011010010110100101101
001011010010110100101101
001001000010010000100100
001001000010010000100100
001110110011101100111011
001110000011100000111000
001110000011100000111000
001101010011010100110101
001011010010110100101101
001011010010110100101101
001001110010011100100111
001001110010011100100111
001101100011011000110110
001100100011001000110010
001100100011001000110010
001110000011100000111000
001110000011100000111000
011011000110110001101100
010110100101101001011010
010110100101101001011010
011000010110000101100001
010001110100011101000111
010001110100011101000111
010101110101011101010111
010101110101011101010111
011100100111001001110010
011100100111001001110010
011100100111001001110010
010011000100110001001100
010011000100110001001100
011000010110000101100001
011001000110010001100100
011001000110010001100100
011000010110000101100001
010101110101011101010111
010101110101011101010111
010001010100010101000101
010001010100010101000101
010101100101011001010110
001100100011001000110010
001100100011001000110010
001010010010100100101001
001010010010100100101001
010100100101001001010010
011110000111100001111000
011110000111100001111000
010101010101010101010101
011000100110001001100010
011000100110001001100010
100011111000111110001111
100011111000111110001111
100011111000111110001111
011110100111101001111010
011110100111101001111010
011001010110010101100101
011001010110010101100101
010100010101000101010001
100001001000010010000100
100001001000010010000100
011111110111111101111111
010111110101111101011111
010111110101111101011111
011110000111100001111000
011110000111100001111000
010100000101000001010000
001100000011000000110000
001100000011000000110000
001010010010100100101001
001010010010100100101001
010100100101001001010010
011110000111100001111000
011110000111100001111000
010101010101010101010101
011000100110001001100010
011000100110001001100010
100011111000111110001111
100011111000111110001111
100011111000111110001111
011110100111101001111010
011110100111101001111010
011001010110010101100101
011001010110010101100101
010100010101000101010001
100001001000010010000100
100001001000010010000100
011111110111111101111111
010111110101111101011111
010111110101111101011111
011110000111100001111000
011110000111100001111000
010100000101000001010000
001100000011000000110000
001100000011000000110000
001011010010110100101101
001011010010110100101101
010100000101000001010000
010111000101110001011100
010111000101110001011100
011011110110111101101111
011011100110111001101110
011011100110111001101110
001001100010011000100110
001001100010011000100110
001100110011001100110011
001100100011001000110010
001100100011001000110010
001000110010001100100011
001000110010001100100011
001010010010100100101001
001000010010000100100001
001000010010000100100001
010000100100001001000010
011010010110100101101001
011010010110100101101001
100010111000101110001011
100010111000101110001011
011010010110100101101001
001010010010100100101001
001010010010100100101001
001110000011100000111000
001110000011100000111000
011100100111001001110010
011110000111100001111000
011110000111100001111000
010011000100110001001100
001101010011010100110101
001101010011010100110101
000000000000000000000000
000000000000000000000000
000000000000000000000000
000000000000000000000000
000000000000000000000000
000000000000000000000000
000000000000000000000000
000000000000000000000000
000000000000000000000000
000000000000000000000000
001101110011011100110111
010100110101001101010011
010100110101001101010011
100001101000011010000110
100001101000011010000110
011100000111000001110000
001001000010010000100100
001001000010010000100100
001110000011100000111000
001110000011100000111000
011100100111001001110010
011110000111100001111000
011110000111100001111000
010011000100110001001100
001101010011010100110101
001101010011010100110101
000000000000000000000000
000000000000000000000000
000000000000000000000000
000000000000000000000000
000000000000000000000000
000000000000000000000000
000000000000000000000000
000000000000000000000000
000000000000000000000000
000000000000000000000000
001101110011011100110111
010100110101001101010011
010100110101001101010011
100001101000011010000110
100001101000011010000110
011100000111000001110000
001001000010010000100100
001001000010010000100100
001010110010101100101011
001010110010101100101011
010110010101100101011001
011111100111111001111110
011111100111111001111110
001010010010100100101001
000000000000000000000000
000000000000000000000000
000000000000000000000000
000000000000000000000000
000000000000000000000000
000000000000000000000000
000000000000000000000000
000000000000000000000000
000000000000000000000000
000000000000000000000000
000000000000000000000000
000000000000000000000000
000000000000000000000000
101000111010001110100011
101000111010001110100011
011010000110100001101000
011010000110100001101000
001110000011100000111000
001001000010010000100100
001001000010010000100100
001010110010101100101011
001010110010101100101011
010110010101100101011001
011111100111111001111110
011111100111111001111110
001010010010100100101001
000000000000000000000000
000000000000000000000000
000000000000000000000000
000000000000000000000000
000000000000000000000000
000000000000000000000000
000000000000000000000000
000000000000000000000000
000000000000000000000000
000000000000000000000000
000000000000000000000000
000000000000000000000000
000000000000000000000000
101000111010001110100011
101000111010001110100011
011010000110100001101000
011010000110100001101000
001110000011100000111000
001001000010010000100100
001001000010010000100100
001100100011001000110010
001100100011001000110010
011000010110000101100001
011111110111111101111111
011111110111111101111111
001010010010100100101001
000000000000000000000000
000000000000000000000000
000011010000110100001101
000011010000110100001101
000011110000111100001111
000100100001001000010010
000100100001001000010010
000100000001000000010000
000100000001000000010000
000100110001001100010011
000101010001010100010101
000101010001010100010101
000000000000000000000000
101001101010011010100110
101001101010011010100110
100001111000011110000111
100001111000011110000111
011000010110000101100001
001000110010001100100011
001000110010001100100011
001011110010111100101111
001011110010111100101111
010111000101110001011100
010110110101101101011011
010110110101101101011011
001001100010011000100110
011100010111000101110001
011100010111000101110001
101101101011011010110110
101101101011011010110110
101010101010101010101010
101010011010100110101001
101010011010100110101001
101010101010101010101010
101010101010101010101010
101001101010011010100110
101001011010010110100101
101001011010010110100101
011010110110101101101011
101010001010100010101000
101010001010100010101000
010110010101100101011001
010110010101100101011001
010100100101001001010010
001110100011101000111010
001110100011101000111010
001011110010111100101111
001011110010111100101111
010111000101110001011100
010110110101101101011011
010110110101101101011011
001001100010011000100110
011100010111000101110001
011100010111000101110001
101101101011011010110110
101101101011011010110110
101010101010101010101010
101010011010100110101001
101010011010100110101001
101010101010101010101010
101010101010101010101010
101001101010011010100110
101001011010010110100101
101001011010010110100101
011010110110101101101011
101010001010100010101000
101010001010100010101000
010110010101100101011001
010110010101100101011001
010100100101001001010010
001110100011101000111010
001110100011101000111010
001011110010111100101111
001011110010111100101111
010001000100010001000100
011110000111100001111000
011110000111100001111000
100000111000001110000011
010111100101111001011110
010111100101111001011110
010100000101000001010000
010100000101000001010000
010011110100111101001111
010110110101101101011011
010110110101101101011011
010110010101100101011001
010110010101100101011001
010101010101010101010101
010100000101000001010000
010100000101000001010000
010011000100110001001100
011101110111011101110111
011101110111011101110111
010111010101110101011101
010111010101110101011101
011110000111100001111000
001110110011101100111011
001110110011101100111011
001011110010111100101111
001011110010111100101111
010001000100010001000100
011110000111100001111000
011110000111100001111000
100000111000001110000011
010111100101111001011110
010111100101111001011110
010100000101000001010000
010100000101000001010000
010011110100111101001111
010110110101101101011011
010110110101101101011011
010110010101100101011001
010110010101100101011001
010101010101010101010101
010100000101000001010000
010100000101000001010000
010011000100110001001100
011101110111011101110111
011101110111011101110111
010111010101110101011101
010111010101110101011101
011110000111100001111000
001110110011101100111011
001110110011101100111011
010010110100101101001011
010010110100101101001011
100011101000111010001110
110001011100010111000101
110001011100010111000101
110001011100010111000101
110001011100010111000101
110001011100010111000101
110010001100100011001000
110010001100100011001000
110011011100110111001101
110011011100110111001101
110011011100110111001101
110000011100000111000001
110000011100000111000001
110011011100110111001101
110010001100100011001000
110010001100100011001000
110001011100010111000101
110001011100010111000101
110001011100010111000101
110001011100010111000101
110001011100010111000101
100011101000111010001110
001111110011111100111111
001111110011111100111111
010010110100101101001011
010010110100101101001011
011110010111100101111001
101100001011000010110000
101100001011000010110000
101100001011000010110000
101100001011000010110000
101100001011000010110000
011111110111111101111111
011111110111111101111111
010000100100001001000010
010000100100001001000010
010000100100001001000010
001111010011110100111101
001111010011110100111101
010000100100001001000010
011111110111111101111111
011111110111111101111111
101100001011000010110000
100111011001110110011101
100111011001110110011101
101010001010100010101000
101010001010100010101000
011110010111100101111001
001100000011000000110000
001100000011000000110000
010010110100101101001011
010010110100101101001011
011110010111100101111001
101100001011000010110000
101100001011000010110000
101100001011000010110000
101100001011000010110000
101100001011000010110000
011111110111111101111111
011111110111111101111111
010000100100001001000010
010000100100001001000010
010000100100001001000010
001111010011110100111101
001111010011110100111101
010000100100001001000010
011111110111111101111111
011111110111111101111111
101100001011000010110000
100111011001110110011101
100111011001110110011101
101010001010100010101000
101010001010100010101000
011110010111100101111001
001100000011000000110000
001100000011000000110000
010010110100101101001011
010010110100101101001011
011111110111111101111111
101010001010100010101000
101010001010100010101000
011110010111100101111001
001111110011111100111111
001111110011111100111111
001110110011101100111011
001110110011101100111011
000000000000000000000000
000000000000000000000000
000000000000000000000000
000000000000000000000000
000000000000000000000000
000000000000000000000000
001111010011110100111101
001111010011110100111101
001111010011110100111101
011101100111011001110110
011101100111011001110110
101000111010001110100011
101000111010001110100011
011101100111011001110110
001100100011001000110010
001100100011001000110010
010010110100101101001011
010010110100101101001011
011111110111111101111111
011111110111111101111111
011111110111111101111111
001111010011110100111101
000000000000000000000000
000000000000000000000000
000000000000000000000000
000000000000000000000000
000000000000000000000000
000000000000000000000000
000000000000000000000000
000000000000000000000000
000000000000000000000000
000000000000000000000000
000000000000000000000000
000000000000000000000000
000000000000000000000000
010000100100001001000010
010000100100001001000010
101100001011000010110000
101100001011000010110000
011111110111111101111111
001011010010110100101101
001011010010110100101101
010010110100101101001011
010010110100101101001011
011111110111111101111111
011111110111111101111111
011111110111111101111111
001111010011110100111101
000000000000000000000000
000000000000000000000000
000000000000000000000000
000000000000000000000000
000000000000000000000000
000000000000000000000000
000000000000000000000000
000000000000000000000000
000000000000000000000000
000000000000000000000000
000000000000000000000000
000000000000000000000000
000000000000000000000000
010000100100001001000010
010000100100001001000010
101100001011000010110000
101100001011000010110000
011111110111111101111111
001011010010110100101101
001011010010110100101101
010010100100101001001010
010010100100101001001010
011101100111011001110110
001111110011111100111111
001111110011111100111111
000000000000000000000000
000100010001000100010001
000100010001000100010001
000110000001100000011000
000110000001100000011000
000110000001100000011000
000110000001100000011000
000110000001100000011000
000110010001100100011001
000110010001100100011001
000101110001011100010111
000110010001100100011001
000110010001100100011001
000100010001000100010001
000000000000000000000000
000000000000000000000000
101100101011001010110010
101100101011001010110010
011100010111000101110001
001100100011001000110010
001100100011001000110010
010010100100101001001010
010010100100101001001010
011101100111011001110110
001111110011111100111111
001111110011111100111111
000000000000000000000000
000100010001000100010001
000100010001000100010001
000110000001100000011000
000110000001100000011000
000110000001100000011000
000110000001100000011000
000110000001100000011000
000110010001100100011001
000110010001100100011001
000101110001011100010111
000110010001100100011001
000110010001100100011001
000100010001000100010001
000000000000000000000000
000000000000000000000000
101100101011001010110010
101100101011001010110010
011100010111000101110001
001100100011001000110010
001100100011001000110010
010011010100110101001101
010011010100110101001101
011111110111111101111111
001111110011111100111111
001111110011111100111111
000100010001000100010001
001010000010100000101000
001010000010100000101000
001001100010011000100110
001001100010011000100110
001010100010101000101010
001010100010101000101010
001010100010101000101010
001010000010100000101000
001010000010100000101000
001010000010100000101000
001010000010100000101000
001010000010100000101000
001010000010100000101000
000100100001001000010010
000100100001001000010010
101101111011011110110111
101101111011011110110111
011111110111111101111111
001011010010110100101101
001011010010110100101101
001111110011111100111111
001111110011111100111111
011000010110000101100001
001100100011001000110010
001100100011001000110010
001010010010100100101001
001010010010100100101001
001010010010100100101001
001010010010100100101001
001010010010100100101001
001010010010100100101001
001010010010100100101001
001010010010100100101001
001010010010100100101001
001010010010100100101001
001001100010011000100110
001010010010100100101001
001010010010100100101001
001010010010100100101001
001010010010100100101001
001010010010100100101001
101001011010010110100101
101001011010010110100101
011000010110000101100001
001100100011001000110010
001100100011001000110010
001111110011111100111111
001111110011111100111111
011000010110000101100001
001100100011001000110010
001100100011001000110010
001010010010100100101001
001010010010100100101001
001010010010100100101001
001010010010100100101001
001010010010100100101001
001010010010100100101001
001010010010100100101001
001010010010100100101001
001010010010100100101001
001010010010100100101001
001001100010011000100110
001010010010100100101001
001010010010100100101001
001010010010100100101001
001010010010100100101001
001010010010100100101001
101001011010010110100101
101001011010010110100101
011000010110000101100001
001100100011001000110010
001100100011001000110010
