000000001111111111111111
000000001111111111111111
000000001111111111111111
000000001111111111111111
000000001111111111111111
000000001111111111111111
000000001111111111111111
000000001111111111111111
001101010011000000010111
001101110010010100001100
001101110010100100010000
001101110010100100010000
001101110010100100010000
001101110010100100010000
001101110010100100010000
001101110010100100010000
001101110010010100001100
001101010011000000010111
000000001111111111111111
000000001111111111111111
000000001111111111111111
000000001111111111111111
000000001111111111111111
000000001111111111111111
000000001111111111111111
000000001111111111111111
000000001111111111111111
000000001111111111111111
000000001111111111111111
000000001111111111111111
000000001111111111111111
000000001111111111111111
000000001111111111111111
000000001111111111111111
001011110010110100011000
001100010010000100001010
001100100010010100001110
001100100010010100001110
001100100010010100001110
001100100010010100001110
001100100010010100001110
001100100010010100001110
001100110010001000001010
001100000010111000011000
000000001111111111111111
000000001111111111111111
000000001111111111111111
000000001111111111111111
000000001111111111111111
000000001111111111111111
000000001111111111111111
000000001111111111111111
000000001111111111111111
000000001111111111111111
000000001111111111111111
000000001111111111111111
000000001111111111111111
000010011101011111010011
001010000110001001001111
000111010111001001100100
011010100101001000011111
011010110100111100011101
011000000100100000011011
011000010100100100011011
010110110100010000011010
010110100100010000011010
010110100100010000011010
010110010100001100011010
011000000100011000011010
010111100100100100011100
000111100111010001100110
001000110110111001011110
001011000111010101100000
001100000111011101100010
010010001000101001101000
010010110111111101011101
000110001101011011001011
000000001111111111111111
000000001111111111111111
000000001111111111111111
000000001111111111111111
000000001111111111111111
000000001111111111111111
000100001011111110110111
010000000000001100000000
001100110000111100000000
100010100110010000100010
100010110110100000100111
011110010101101100100010
011110110101110100100010
011100010101010100100000
011011110101010000100000
011011110101010000100000
011011100101001100100000
011110000101100100100010
011101010101011100011111
001100000001100000000010
001101010001110000000100
010000110010011000000111
010010010010101100001010
011100100100101000010101
011101110011101000000010
001001101100000010101110
000000001111111111111111
000000001111111111111111
000000001111111111111111
000000001111111111111111
000000001111111111111111
000000001111111111111111
000000001111111111111111
000000001111111111111111
000000001111111111111111
001011000010110000011000
001011110001111000001001
001011110010001100001110
001011110010001100001110
001100000010010000001110
001100000010010000001110
001100000010010000001110
001011000010000000001100
010111100100011100011011
011011000101001000011111
011100010101010100100000
011011100101001100100000
100010010110011100100111
100101010110111100101010
000101010000111100000101
001000110000011000000000
000010101011000010101010
000000001111111111111111
000000001111111111111111
000000001111111111111111
000000001111111111111111
000000001111111111111111
000000001111111111111111
000000001111111111111111
000000001111111111111111
000000001111111111111111
001110010001111100000101
001111000001001000000000
001110110001011000000000
001110110001011000000000
001110110001011000000000
001110110001011000000000
001110110001011000000000
001101100001001000000000
011001000100011000010111
011011110101010000100000
011010100101000000011110
011001110100111000011110
100000110110001000100110
100100010110110000101000
000110110001010000000111
001010010000101100000000
000011011011000110101011
000000001111111111111111
000000001111111111111111
000000001111111111111111
000000001111111111111111
000000001111111111111111
000000001111111111111111
000000001111111111111111
000000001111111111111111
000000001111111111111111
000011011100100111000011
000011101100011111000001
000011011100100011000010
000011011100100011000010
000011011100100011000010
000011011100100111000011
000011001100101111000101
000001101101011111010100
010000110101011100111001
010101010011100100010011
011101100101100100100001
011100110101011000100000
011100110101011000100001
011101100101100100100001
001010100001111100001100
001101100001010000000000
000100011011011010101110
000000001111111111111111
000000001111111111111111
000000001111111111111111
000000001111111111111111
000000001111111111111111
000000001111111111111111
000000001111111111111111
000000001111111111111111
000000001111111111111111
000000001111111111111111
000000001111111111111111
000000001111111111111111
000000001111111111111111
000000001111111111111111
000000001111111111111111
000000001111111111111110
000000001111111111111111
001110100101110101000011
010011010011000100001111
011101100101100100100001
011100110101011000100000
011011000101001000011111
011011000101001000011111
001100110010011000001111
001111010001110000000000
000101011011000110100111
000000001111111111111111
000000001111111111111111
000000001111111111111111
000000001111111111111111
000000001111111111111111
000000001111111111111111
000000001111111111111111
000000001111111111111111
000000001111111111111111
000000001111111111111111
000000001111111111111111
000000001111111111111111
000000001111111111111111
000000001111111111111111
000010011110010011100000
010110000000101100000000
010011100001110100000000
011001110100011000010111
011010000100111000011110
000110000001001000000110
000110010001001100000110
010101100100000100011001
011011100101001000011111
011111000101111000100011
100000000110000000100100
010100100010110000000101
001110100000111100000000
000000001111111111111111
000000001111111111111111
000000001111111111111111
000000001111111111111111
000000001111111111111111
000000001111111111111111
000000001111111111111111
000000001111111111111111
000000001111111111111111
000000001111111111111111
000000001111111111111111
000000001111111111111111
000000001111111111111111
000000011111011111110110
010010100001110000000000
010000000010111100010010
011001010100110000011101
011011000100111000011100
001001000000001100000000
001001100000010000000000
010111010011111100010011
011100100101010100100000
011101110101100100100001
011110100101110000100010
010011000011100100010101
001101000010011000001111
000000001111111111111111
000000001111111111111111
000000001111111111111111
000000001111111111111111
000000001111111111111111
000000001111111111111111
000000001111111111111111
000000001111111111111111
000000001111111111111111
000000001111111111111111
000000001111111111111111
000000001111111111111111
001100100110110101010110
010001000101011100111000
100001100101111000100000
100001100110010000100110
010000110010101100001011
001100000010011100010001
000000101110100011100111
000000101110001111100010
001100000101110101000110
010000000010100100001011
011100010101010100100000
011100000101010100100000
010010010011011100010101
001101000010011100001111
000000001111111111111111
000000001111111111111111
000000001111111111111111
000000001111111111111111
000000001111111111111111
000000001111111111111111
000000001111111111111111
000000001111111111111111
000000001111111111111111
000000011111110011111011
000010001110011011100011
000000001111101011111010
010001000100100000101000
010101100011010000001101
100001010110010000100101
100010010110001000100010
001101000011101000100001
000111010011101100101110
000000001111111111111111
000000001111111111111111
001001100110001001010001
001101000001111000000101
011100000101010100100000
011011100101001100100000
010010010011011000010101
001101000010011100001111
000000001111111111111111
000000001111111111111111
000000001111111111111111
000000001111111111111111
000000001111111111111111
000000001111111111111111
000000001111111111111111
000000001111111111111111
000000001111111111111111
000011111101010011001101
010101110000111000000000
010011010001111000000000
011010010100101100011001
011000100100100100011011
000101110001000100000110
001000010000000100000000
000000011110010011100011
000000001111111111111111
000000001111111111111111
000000001111111111111111
001010000110000101001111
001101100001111100000110
011100010101010100100000
011011110101010000100000
010010010011011000010101
001101000010011100001111
000000001111111111111111
000000001111111111111111
000000001111111111111111
000000001111111111111111
000000001111111111111111
000000001111111111111111
000000001111111111111111
000000001111111111111111
000000001111111111111111
000001101110011111100101
010010010001111000000000
001111110010111000010010
011010010101000000011110
011001110100100000011000
001001010000001000000000
001011110000000000000000
000010001100111111001011
000000001111111111111111
000000001111111111111111
000000001111111111111111
001010000110000101001111
001101100001111100000110
011100000101010000100000
011011010101001100011111
010010010011011000010101
001101000010011100001111
000000001111111111111111
000000001111111111111111
000000001111111111111111
000000001111111111111111
000000001111111111111111
000000001111111111111111
000000001111111111111111
000000001111111111111111
001110110101000100110110
010011100100110100101010
100010110110010000100011
100011000110100100101000
001110100010000100000101
001010010011001100100000
000000001111100111111001
000001001110010011100001
000000001111101111111011
000000001111111111111111
000000001111111111111111
000000001111111111111111
001010000110000101001111
001101100001111000000101
011110100101110000100010
011110000101101000100001
010010110011100100010101
001101000010011000001111
000000001111111111111111
000000001111111111111111
000000001111111111111111
000000001111111111111111
000000001111111111111111
000000111111011011110100
000011101101011111010000
000001101110101111101000
010011000011101100011000
010110010011101000010010
011111000101110100100011
100000010101101100011110
001010100100010100110000
000110100101101101001111
000000001111111111111111
000000001111111111111111
000000001111111111111111
000000001111111111111111
000000001111111111111111
000000001111111111111111
001010000110000101001111
001101100001111000000101
011111110110000000100100
011111010101111000100011
010011010011101000010101
001100110010011000001111
000000001111111111111111
000000001111111111111111
000000001111111111111111
000000001111111111111111
000000001111111111111111
000101011100001110111010
010101100001000100000000
010011000010000000000000
011011000100111000011100
010111000100010100011010
000110000001001000000110
001000100000000000000000
000000001111011011110110
000000001111111111111111
000000001111111111111111
000000001111111111111111
000000001111111111111111
000000001111111111111111
000000001111111111111111
000000001111111111111111
001010000110000101001111
001101010001111000000101
100100000110110100101001
100011010110101000101000
010100110011111000010111
001100110010011000001111
000000001111111111111111
000000001111111111111111
000000001111111111111111
000000001111111111111111
000000001111111111111111
000010111101011011010010
010010000001111100000000
001111100010110100010010
011011100101001000100000
011000100100001100010101
001001100000000000000000
001100000000000000000000
000001011110001011011110
000000001111111111111111
000000001111111111111111
000000001111111111111111
000000001111111111111111
000000001111111111111111
000000001111111111111111
000000001111111111111111
001011000101000100111101
001110110000100000000000
100101110111001000101011
100101000111000000101010
010110010011001000000111
001110010000111000000000
000000001111111111111111
000000001111111111111111
000000001111111111111111
000000001111111111111111
010001010011001100010100
010110000100011000011110
100100000110101000100110
100100110110111100101010
001100000001010100000000
001000100100001000110010
000000001111111111111111
000000011111011011110101
000000001111111111111111
000000001111111111111111
000000001111111111111111
000000001111111111111111
000000001111111111111111
000000001111111111111111
000000001111111111111111
000000001111111111111111
000000001111101111111010
000000001111111111111111
010000010000110100000000
001111110001010000000000
000101011010111010100100
000000001111111111111111
000000001111111111111111
000001101110110111101010
000101001100011110111110
000010111101101111010110
010100110011001100001101
010110110011111100010110
011100110101011000100000
011110100101001100011010
001000000101001001000100
000101100111011101101101
000000001111111111111111
000000001111111111111111
000000001111111111111111
000000001111111111111111
000000001111111111111111
000000001111111111111111
000000001111111111111111
000000001111111111111111
000000001111111111111111
000000001111111111111111
000000001111111111111111
000000001111111111111111
001011000100110000111000
001010100101001000111111
000011011100100111000011
000000001111111111111111
000000001111111111111111
000110101011001110100110
010101010001010000000000
010010110010000100000000
011011100101001000011110
010101100100000000011000
000110100001001100000110
001000110000000000000000
000000001111111111111111
000000001111111111111111
000000001111111111111111
000000001111111111111111
000000001111111111111111
000000001111111111111111
000000001111111111111111
000000001111111111111111
000000001111111111111111
000000001111111111111111
000000001111111111111111
000000001111111111111111
000000001111111111111111
000000001111111111111111
000000001111111111111111
000000001111111111111111
000000001111111111111111
000000001111111111111111
000000001111111111111111
000100001100011110111110
010001110010000000000000
001111010010110100010001
011100100101011000100000
010111010011110100010001
001001110000000000000000
001100010000000000000000
000000011111010011110100
000000001111111111111111
000000001111111111111111
000000001111111111111111
000000001111111111111111
000000001111111111111111
000000001111111111111111
000000001111111111111111
000000001111111111111111
000000001111111111111111
000000001111111111111111
000000001111111111111111
000000001111111111111111
000000001111111111111111
000000001111111111111111
000000001111111111111111
000000001111111111111111
000000001111111111111111
010010000010100100001000
011000110100001000010101
100101010110111100101001
100110110111010000101100
001001000000100000000000
000110110101010001000111
000000001111111111111111
000000001111111111111111
000000001111111111111111
000000001111111111111111
000000001111111111111111
000000001111111111111111
000000001111111111111111
000000001111111111111111
000000001111111111111111
000000001111111111111111
000000001111111111111111
000000001111111111111111
000000001111111111111111
000000001111111111111111
000000001111111111111111
000000001111111111111111
000000001111111111111111
000000001111111111111111
000000001111111111111111
000000001111111111111111
010100100011101100010101
010110110100001000011001
011010100101000000011110
011100100100101100010101
000110000110010001011001
000100111001000010001000
000000001111111111111111
000000001111111111111111
000000001111111111111111
000000001111111111111111
000000001111111111111111
000000001111111111111111
000000001111111111111111
000000001111111111111111
000000001111111111111111
000000001111111111111111
000000001111111111111111
000000001111111111111111
000000001111111111111111
000000001111111111111111
000000001111111111111111
000000001111111111111111
000000001111111111111111
000000001111111111111111
000000001111111111111111
000000001111111111111111
011011010101001000011111
010100000011110000010111
000110110001010000000111
001001000000000000000000
000000001111111111111111
000000001111111111111111
000000001111111111111111
000000001111111111111111
000000001111111111111111
000000001111111111111111
000000001111111111111111
000000001111111111111111
000000001111111111111111
000000001111111111111111
000000001111111111111111
000000001111111111111111
000000001111111111111111
000000001111111111111111
000000001111111111111111
000000001111111111111111
000000001111111111111111
000000001111111111111111
000000001111111111111111
000000001111111111111111
000000001111111111111111
000000001111111111111111
011010110101000000011110
010100100011110100010111
001000110001101000001001
001011000000001100000000
000000001111111111111111
000000001111111111111111
000000001111111111111111
000000001111111111111111
000000001111111111111111
000000001111111111111111
000000001111111111111111
000000001111111111111111
000000001111111111111111
000000001111111111111111
000000001111111111111111
000000001111111111111111
000000001111111111111111
000000001111111111111111
000000001111111111111111
000000001111111111111111
000000001111111111111111
000000001111111111111111
000000001111111111111111
000000001111111111111111
000000001111111111111111
000000001111111111111111
