000000001111111111111111
000000001111111111111111
000000001111111111111111
000000001111111111111111
000000001111111111111111
000000001111111111111111
000000001111111111111111
000000011111100111111001
010010110010111100101111
010001000100010001000100
010001000100010001000100
010001000100010001000100
010001000100010001000100
010001000100010001000100
010001000100010001000100
010001000100010001000100
010001000100010001000100
010010110010111100101111
000000011111100111111001
000000001111111111111111
000000001111111111111111
000000001111111111111111
000000001111111111111111
000000001111111111111111
000000001111111111111111
000000001111111111111111
000000001111111111111111
000000001111111111111111
000000001111111111111111
000000001111111111111111
000000001111111111111111
000000001111111111111111
000000001111111111111111
000000001111111111111111
001111000010000000100000
001101010011010100110101
001101110011011100110111
001110000011100000111000
001110100011101000111010
001110100011101000111010
001110100011101000111010
001110010011100100111001
001110000011100000111000
001111110010001100100011
000000001111111111111111
000000001111111111111111
000000001111111111111111
000000001111111111111111
000000001111111111111111
000000001111111111111111
000000001111111111111111
000000001111111111111111
000000001111111111111111
000000001111111111111111
000000001111111111111111
000000001111111111111111
000000001111111111111111
000000001111111111111111
000111111010000010100000
001101000111111101111111
110100101100100011001000
110001011100010111000101
101011011010110110101101
101001101010011010100110
100101111001011110010111
100110001001100010011000
100110001001100010011000
100110111001101110011011
101010001010100010101000
101101001010101010101010
001100001000001110000011
001011000111111001111000
001100000111011101011111
001011100111011001100001
010010011000010001100001
001011101010111110011010
000000001111111111111111
000000001111111111111111
000000001111111111111111
000000001111111111111111
000000001111111111111111
000000001111111111111111
000000001111111111111111
000000001111111111111111
001100110110010101100101
010101000011011100110111
111111111111111111111111
111111111111111111111111
111011011110110111101101
111000101110001011100010
110010101100101011001010
110011001100110011001100
110010111100101111001011
110100001101000011010000
111000101110001011100010
111011111110111111101111
010001110011110100111110
010000010011000100101000
010010010010100000000100
010001100010100000001000
011101000100000000001001
010010101000010001100010
000000001111111111111111
000000001111111111111111
000000001111111111111111
000000001111111111111111
000000001111111111111111
000000001111111111111111
000000001111111111111111
000000001111111111111111
000000001111111111111111
000000001111111111111111
001101010001100100011001
001011100010111000101110
001100010011000100110001
001100110011001100110011
001101010011010100110101
001101010011010100110101
001100010011000100110001
010011100100111001001110
110010101100101011001010
101111101011111010111110
110011111101000011010011
101111111011011010100100
100010110110010000011011
100110110111010100101100
000111100000101000000000
000101000110010001011010
000000001111111111111111
000000001111111111111111
000000001111111111111111
000000001111111111111111
000000001111111111111111
000000001111111111111111
000000001111111111111111
000000001111111111111111
000000001111111111111111
000000101111011111110111
010100010001111100011111
010010010011001100110011
010010010011001100110011
010010010011001100110011
010010010011001100110011
010010010011001100110011
010001100010111100101111
011000000101000001010001
110101111101100011011011
110010111100110111001111
110000101100010011000110
101011111010011010010100
011111110101011100001100
100011110110011100011100
001000100000101100000000
000101110110010101011000
000000001111111111111111
000000001111111111111111
000000001111111111111111
000000001111111111111111
000000001111111111111111
000000001111111111111111
000000001111111111111111
000000001111111111111111
000000001111111111111111
000000001111111011111110
000100111100100111001001
000100011100111111001111
000100011100111111001111
000100011100111111001111
000100011100111111001111
000100011100111111001111
000011011101010111010110
000111111011101110110111
011011110100111100110100
010110110100110000110001
110100101101000111010010
110011011100101111001000
101011111010011010010100
110000001011011010100101
001110000010101000100110
001001010111100101110110
000000001111111111111111
000000001111111111111111
000000001111111111111111
000000001111111111111111
000000001111111111111111
000000001111111111111111
000000001111111111111111
000000001111111111111111
000000001111111111111111
000000001111111111111111
000000001111111111111111
000000001111111111111111
000000001111111111111111
000000001111111111111111
000000001111111111111111
000000001111111111111111
000000001111111111111111
000011001101100011010001
010010110010000000000000
001110000010001000000000
110011101100110011001011
110100001101000111010010
110000101100010011000110
110011111101000011010011
010010000011111000111111
001100001000001110000100
000000001111111111111111
000000011111101011111010
000000001111111111111111
000000001111111111111111
000000001111111111111111
000000001111111111111111
000000001111111111111111
000000001111111111111111
000000001111111111111111
000000001111111111111111
000000001111111111111111
000000001111111111111111
000000001111111111111111
000000001111111111111111
000000001111111111111111
000000001111111111111111
010001110011100000011000
010101110010010100000000
011011100101001000011111
011100100101010100100001
000100110000011100000000
001111110011011100101001
110011101100111111010000
101111101011111010111110
111011111110111111101111
101101001010100110101001
001111110010001100100011
010010110010111100101111
000000001111111111111111
000000001111111111111111
000000001111111111111111
000000001111111111111111
000000001111111111111111
000000001111111111111111
000000001111111111111111
000000001111111111111111
000000001111111111111111
000000001111111111111111
000000001111111111111111
000000001111111111111111
000000001111111111111111
000000001111111111111111
001110100100101000101111
010011010011001100010000
011100000101010000100000
011101010101011100100001
001010000000011100000000
010100110011101000101100
110110101101101111011100
110010101100101011001010
111000111110001111100011
101010001010100010101000
001110000011100000111000
010001000100010001000100
000000001111111111111111
000000001111111111111111
000000001111111111111111
000000001111111111111111
000000001111111111111111
000000001111111111111111
000000001111111111111111
000000001111111111111111
000000001111111111111111
000000001111111111111111
000000001111111111111111
000001001111000011101101
010000000100100100101100
001101000101101001000010
011110100101111100100110
011100100101001100011101
001011100001110000000111
001110010000111100000000
000001011101010011001111
000110111011100010110110
011000010101000101010001
010011100100111001001110
110011111100111111001111
100110111001101110011011
001110010011100100111001
010001000100010001000100
000000001111111111111111
000000001111111111111111
000000001111111111111111
000000001111111111111111
000000001111111111111111
000000001111111111111111
000000001111111111111111
000000001111111111111111
000000001111111111111111
000000001111111111111111
000001011111000011101110
000011111101010011001101
010101010010001000000000
010010100010111100001101
011111010101101100100001
011011110101011100100010
000110010011000100100101
001001010001111100001101
000000001111111111111111
000011111101010111010110
010001100010111100101111
001100010011000100110001
110010111100101111001011
100110001001100010011000
001110100011101000111010
010001000100010001000100
000000001111111111111111
000000001111111111111111
000000001111111111111111
000000001111111111111111
000000001111111111111111
000000001111111111111111
000000001111111111111111
000000001111111111111111
000000001111111111111111
000000001111111111111111
010000000100101000101100
010101010010000100000000
011011100101001000011111
011100010101010100100000
001010000001011000000010
000101100100010100111001
000000001111111111111111
000000001111111111111111
000000001111111111111111
000100011100111111001111
010010010011001100110011
001101010011010100110101
110011001100110011001100
100110011001100110011001
001110100011101000111010
010001000100010001000100
000000001111111111111111
000000001111111111111111
000000001111111111111111
000000001111111111111111
000000001111111111111111
000000001111111111111111
000000001111111111111111
000000001111111111111111
000000001111111111111111
000000001111111111111111
001101000101101001000011
010010100010111000001110
011100010101010100100000
011101010101011100100001
001101000000101000000000
001000100011010000100010
000000001111111111111111
000000001111111111111111
000000001111111111111111
000100011100111111001111
010010010011001100110011
001101010011010100110101
110010011100100111001001
100101111001011110010111
001110100011101000111010
010001000100010001000100
000000001111111111111111
000000001111111111111111
000000001111111111111111
000000001111111111111111
000000001111111111111111
000000001111111111111111
000000001111111111111111
000000001111111011111110
010001110011011100010111
001110100100100100101111
011110100101111100100110
011111010101101100100001
001010000001011000000011
001101000000101000000000
000010001100111111001011
000000101110111111101101
000000001111111111111111
000000001111111111111111
000000001111111111111111
000100011100111111001111
010010010011001100110011
001100110011001100110011
111000011110000111100001
101001011010010110100101
001110000011100000111000
010001000100010001000100
000000001111111111111111
000000001111111111111111
000000001111111111111111
000000001111111111111111
000000001111111111111111
000000001111111111111111
000010001110010111100001
000100001101001111001100
010101110010010100000000
010011010011001100010000
011100100101001100011110
011100000101100000100011
000101100100010000111001
001000100011001100100011
000000101110111011101110
000000001111111111111111
000000001111111111111111
000000001111111111111111
000000001111111111111111
000100011100111111001111
010010010011001100110011
001100010011000100110001
111011101110111011101110
101011011010110110101101
001101110011011100110111
010001000100010001000100
000000001111111111111111
000000001111111111111111
000000001111111111111111
000000001111111111111111
000000001111111111111111
000000001111111111111111
001110100101101101000000
010100110001111000000000
011011100101001000011111
011100000101010000100000
001011100001110100000111
000110100011000100100100
000000001111111111111111
000000001111111111111111
000000001111111111111111
000000001111111111111111
000000001111111111111111
000000001111111111111111
000000001111111111111111
000100011100111111001111
010010010011001100110011
001011100010111000101110
111111111111111111111111
110001011100010111000101
001101010011010100110101
010001000100010001000100
000000001111111111111111
000000001111111111111111
000000001111111111111111
000000001111111111111111
000000001111111111111111
000000001111111111111111
001011100110101101010110
010001110010101100001010
011100100101010100100001
011101010101011100100001
001110010001000000000000
001001010001111100001100
000000001111111111111111
000000001111111111111111
000000001111111111111111
000000001111111111111111
000000001111111111111111
000000001111111111111111
000000001111111111111111
000101001100100011001000
010100010001111100011111
001101010001100100011001
111111111111111111111111
110100101100100011001000
001111000010000000100000
010010110010111100101111
000000001111111111111111
000000001111111111111111
000000001111111111111111
000000001111111111111111
010011010010010100000010
010000000011100000011011
011110110101110000100011
100010010110010000100101
001000100001000000000000
001011110000010000000000
000010011100110111001010
000000001111110111111101
000000001111111111111111
000000001111111111111111
000000001111111111111111
000000001111111111111111
000000001111111111111111
000000001111111111111111
000000001111111111111111
000000001111111011111110
000000101111100011111000
000000001111111111111111
010101000011011000110110
001100110111111001111110
000000001111111111111111
000000011111101011111010
000000001111111111111111
000000001111111111111111
000010111101110111010111
000100001100111011000111
010110010010100100000000
010011110011011100010011
011010100100110100011100
011011110101010000100000
000101000101100001001110
000111110100011100111000
000001011110001011100000
000000001111111111111111
000000001111111111111111
000000001111111111111111
000000001111111111111111
000000001111111111111111
000000001111111111111111
000000001111111111111111
000000001111111111111111
000000001111111111111111
000000001111111111111111
000000001111111111111111
001101000110010001100100
000111111010000010100000
000000001111111111111111
000000001111111111111111
000000001111111111111111
000000001111111111111111
001101000110110001010100
010100010001101000000000
011011100101001000011111
011100000101010000100000
001100110010001100001010
000111000001111000010001
000000001111111111111111
000000001111111111111111
000000001111111111111111
000000001111111111111111
000000001111111111111111
000000001111111111111111
000000001111111111111111
000000001111111111111111
000000001111111111111111
000000001111111111111111
000000001111111111111111
000000001111111111111111
000000001111111111111111
000000001111111111111111
000000001111111111111111
000000001111111111111111
000000001111111111111111
000000001111111111111111
000000001111111111111111
000000001111111111111111
001010000111110001101010
010001000010010100001000
011100110101011000100001
011101010101011100100001
001111010001011000000000
001010000000101000000000
000000001111111111111111
000000001111111111111111
000000001111111111111111
000000001111111111111111
000000001111111111111111
000000001111111111111111
000000001111111111111111
000000001111111111111111
000000001111111111111111
000000001111111111111111
000000001111111111111111
000000001111111111111111
000000001111111111111111
000000001111111111111111
000000001111111111111111
000000001111111111111111
000000001111111111111111
000000001111111111111111
010010110010101000001001
010001100010100000001000
011110100101011000011101
100101100111000000101001
000111000000100100000000
001010100000000000000000
000010001100100111000100
000000001111111111111111
000000001111111111111111
000000001111111111111111
000000001111111111111111
000000001111111111111111
000000001111111111111111
000000001111111111111111
000000001111111111111111
000000001111111111111111
000000001111111111111111
000000001111111111111111
000000001111111111111111
000000001111111111111111
000000001111111111111111
000000001111111111111111
000000001111111111111111
000000001111111111111111
000000001111111111111111
000000001111111111111111
010100110011110000010110
010100100011101100010101
011000100100100000011010
011011010100111000011001
000100010110101101100011
000111000101101101001101
000001101101100111010110
000000001111111111111111
000000001111111111111111
000000001111111111111111
000000001111111111111111
000000001111111111111111
000000001111111111111111
000000001111111111111111
000000001111111111111111
000000001111111111111111
000000001111111111111111
000000001111111111111111
000000001111111111111111
000000001111111111111111
000000001111111111111111
000000001111111111111111
000000001111111111111111
000000001111111111111111
000000001111111111111111
000000001111111111111111
011010100100111100011110
011011110101001100100000
001110000010100000001110
001000000000110000000000
000000001111111111111111
000000001111111111111111
000000001111111111111111
000000001111111111111111
000000001111111111111111
000000001111111111111111
000000001111111111111111
000000001111111111111111
000000001111111111111111
000000001111111111111111
000000001111111111111111
000000001111111111111111
000000001111111111111111
000000001111111111111111
000000001111111111111111
000000001111111111111111
000000001111111111111111
000000001111111111111111
000000001111111111111111
000000001111111111111111
000000001111111111111111
000000001111111111111111
011010000100111000011110
011011010101000100011111
001111010010101100001111
001001110001000100000000
000000001111111111111111
000000001111111111111111
000000001111111111111111
000000001111111111111111
000000001111111111111111
000000001111111111111111
000000001111111111111111
000000001111111111111111
000000001111111111111111
000000001111111111111111
000000001111111111111111
000000001111111111111111
000000001111111111111111
000000001111111111111111
000000001111111111111111
000000001111111111111111
000000001111111111111111
000000001111111111111111
000000001111111111111111
000000001111111111111111
000000001111111111111111
000000001111111111111111
