110000011000101101100000
100111110111001001001110
100101000110101101001001
100110100110111101001100
100111100111001001001110
011111010101100100111100
011110000101010000111001
011101000101000100110111
100111110111000101001110
101110001000010001011011
100101000110011101000010
100110000110101101000111
100111100111001001001110
011101010101001000111000
011110000101010000111001
011100110101000100110111
011100110101000100110110
010011000011001100100010
011101000101000000110111
011101100101001100111000
011011110100110100110100
100110110110111001001101
110001001000110101100001
100100100110011101000111
100010010110000101000010
110001111000111101100011
100010000110000001000010
100100100110100001000111
100110100110111101001100
011100000100111100110101
011001010100011000101111
011101110101001100111001
011110010101010100111010
011101100101001000111000
100011100110010101000100
100111000111011101010111
100010101000001101111101
100000010111001001100110
011000110100001000101010
011110100101011000111010
011101100101001000111000
101011100111110101010110
101010000111100001010011
100000110101111001000000
011110000101010000111001
100100000110011001000110
101011000111101101010101
101000110111010001010000
101000110111010101010000
011101110101010000111001
011000010100001100101101
011100100101000000110110
011011100100110000110100
100011010110010101000101
100111110111001101001111
011000000100001100101101
010011100011010100100011
011101100101001000111001
011110000101010000111001
011100010100111000110101
100001110110000001000000
100101010111010001011000
100010001001000110011001
011110100111011101110101
010010110010111100011011
011101100101001100111000
011011110100110100110101
110010011001000101100100
110000001000101001100000
100110100110111101001100
011110010101011000111010
100111010111000001001101
110010101001001001100101
101011010111110001010101
100111010111000101001101
011010100100101100110010
010011000011001100100010
010100100011100000100101
101100000111111001010111
100010100110000101000011
011111100101100100111101
011101000101001000110111
011101000101000100110111
010111010100000000101010
100001010101111001000001
101101001000000101011001
100100110110100001000111
011110110101100000111101
011110110101111101001010
011110010101101101000100
011010110100100100110001
101101001000000101011001
101011100111110101010110
100000010101101100111110
100001010101111001000000
011111100101100100111100
011110100101010100111010
011100010100111100110110
011010110100101000110010
011001110100011100110000
010111110100001000101100
100011110110010101000110
100111000111000001001101
011011100100110100110100
110001001000110101100001
100010100101111100111111
011101110101000000110011
011101010101000100110110
011101100101001100111000
010100010011100000100100
100010000110000001000011
110010001001000001100100
100110010110110101001010
011101100101001100111000
011110000101001100110111
011101110101001000110111
011010110100101000110010
110001101000111101100011
110000101000110001100000
011011000100101100110011
011101000101000100110111
011110000101010000111001
011110000101010000111001
011001000100010100101111
010100000011011000100100
010011110011011000100100
010001100010111000011110
100101110110101001001010
101100101000000001011000
011101000101000100110111
100111100110111101001010
011110000110101101100001
011001010110100001101010
101001010111110001011100
101110101000010101011011
011101110101010000111001
100001100101111101000001
101001010111011101010010
011101100101001100111001
010111000011111100101010
011110010101010100111010
100010000110000001000001
101110111000011001011101
100110000110110101001011
100110110111000001001100
100101000110101101001001
100101010110101101001001
011101000101000100110111
100100100110011101000101
100001100101111000111111
011011110100110100110100
100101010110100101001001
101100101000000001011000
101001100111011101010010
100101000110101001001000
011101010101001000111000
100110000110110001001000
011110110110001101010001
011010110101111001010100
100111100111010101010011
101011000111101101010100
100111010111000001001101
100010000110000001000010
011101000101001000110111
011101100101001100111001
011101110101001100111001
011101110101010000111001
100000010101101100111110
100111010111000001001101
100101000110101101001001
100101110110110101001010
011101000101001000110111
011101110101010000111001
011110000101001000110110
100000010110101001011001
011111100110001001001011
011101100101000100110110
100101000110101001001001
101100000111111001010111
100010010110001001000011
011101000101001000110111
011110010101010100111010
100110100110111101001100
100000110101101100111101
011110000101001000110101
100011110110011001000101
100100010110100001000111
101111111000100101011110
100010100110000101000011
010010000011000000100000
011111000101011100111011
100101110110110001001010
011110000101010000111001
011110100101010100111010
011100110101000000110111
100111100111001001001110
100111010111001001001101
010010110011001000100001
010100110011100000100110
011111010101010100110110
011011000110110001101110
011100100110001101010111
011101110101000100110101
100010010110001001000011
100111000111000001001101
011010100100101100110010
010110010011110000101000
011101110101001100111001
100001100101111101000001
011011010100110000110011
011000000100001000101100
100011010110010101000101
100101100110110001001010
101001110111100101010011
100010010110000001000001
011000110100001100101100
100001010101111000111111
100100000110011101000110
011000010100001100101101
011001010100011000101111
011000100100001100101101
011100100101000000110110
011100010100111100110110
011010010100100100110001
011010100100101000110010
011110100101010100111000
010111110100111101000011
011010110101001001000000
011110010101010000111000
011111110101101000111101
100001110110000001000010
011100100101000000110110
011101100101001000111000
101000100111010001010000
100001100101111101000001
011001110100011000110000
010101110011101100101000
100001100101111101000001
100100010110100001000111
100100000110011001000101
100001100110001101000111
011110100101111101001010
100010010110010101001001
100001110110000001000001
010110000011110000101000
010111110100001000101100
011010100100101000110010
011001110100011100110000
011010000100011100110000
011110110101011000111011
011110100101010100111010
100010010110000101000010
011011000100101000110000
011100000100110100110100
011110010101010000111001
011110110101011000111011
011111010101100000111100
011110010101010100111010
100010010110000001000010
101110101000011001011101
110001111000111101100011
100011010110001101000100
011110010101010100111010
011101010101001000111000
011100110101000100110111
011100110100110100110010
011111010110111001100100
100010011001001110011010
011111000110101101011111
011101100101000000110100
011110010101010100111010
100011100110010001000101
110010101001000101100101
110000111000110001100001
110001111000111101100010
011100010100111100110110
011110100101011000111010
110001111000111101100011
110001101000111101100011
100111100111000001001101
011100110101000000110110
100010110110010001000100
100111010111001001001110
100001000101110100111111
011111010101100000111100
100101010110101101001001
101011000111101101010101
100001000101110101000000
011101010101001000111000
100001100101111001000001
100010010110000101000010
100010010101111100111111
100010100111000001011101
100010111000010001111110
100001000110101001010111
011111100101011100111010
011101100101001100111000
100001000101110101000000
101010110111101101010100
101100010111111101011000
101101001000001001011001
011010000100100000110001
011100000100111100110101
101101111000010001011011
101100111000000101011001
100101000110101001001000
011101000101000100110111
100001010101111101000000
100100000110011101000111
100001010101111001000000
100001010101111001000000
100101110110110101001010
011011110100110100110101
011101100101001000111000
011100110101000000110110
101101111000001101011011
110010001001000001100100
110001011000111001100010
101011110111110101010011
100110000110101001000101
100110100110111001001001
100100100110100001001000
011101100101001000111000
011110000101010000111001
011100110101000000110111
100110100110111101001100
100110010110111101001011
010001100010111000011111
010011110011011000100011
100110010110111101001100
100101110110110101001011
100010000110000101000010
011101110101001100111001
011101110101001100111001
011101000101000100110111
100011110110011101000111
100111110111001101001111
100110010110111001001100
100111000111000101001101
100000010101101100111110
011101110101001100111001
011100110101000000110110
011011100100110000110100
100011100110011001000110
100001000101111001000000
011100010100111100110101
100010000110001001000010
100100100110100001001000
011101110101001100111001
011011110100111000110101
010011100011010000100011
011110010101010100111010
011100110101000000110111
101000010111010001010000
100111010111000101001101
100110010110111001001011
011110100101011000111010
011101100101001000111000
011110000101010000111001
011110000101010000111001
011110100101011000111011
010111110100000100101100
010110010011110000101000
011101110101010000111001
100110100110111101001100
100000000101101000111101
011101100101001000111000
011110010101010100111010
011110000101010000111001
100101010110101101001010
100010010110001001000010
011101010101001000111000
100011000110010001000100
100101010110101001001001
011110010101010100111010
011100010100111100110110
010100000011011000100100
011111000101011100111011
011101100101001100111001
100110110111000001001100
100101110110110101001010
100110100110111101001100
011111010101100000111011
011101100101001000111000
011101010101001000110111
011101010101001000110111
011101110101001100111001
011000010100001100101101
010111010011111100101011
011110010101010100111010
011100110101000000110110
100011110110011101000110
101000000111001101001111
010111110100001100101100
010011010011010000100010
011011000100101000110011
011100010100111100110110
011101010101001000110111
010111100100000100101100
010011000011001100100010
010010100011001000100001
010110010011110000101000
011111000101011100111100
011111000101011100111011
011110110101011000111011
011011110100110100110100
011011110100110100110100
011011110100110100110100
011101010101001000111000
100111110111001001001110
110001111001000001100011
110000111000110101100001
110010001001000001100100
100101100110011101000101
100000000101100000111001
100111100111001001001110
011101100101001100111000
100011100110011001000101
100110100110111101001100
011110010101010100111010
011011000100101100110011
101001010111011001010001
101011100111110101010110
101100000111111001010111
100010110110001001000011
011110010101010100111010
101011000111101101010101
101000000111001001001111
100101000110101101001001
010110000011110000101000
010110110011111000101010
101101011000001001011010
101011010111110001010101
101101001000000101011001
011001010100010100101111
011111000101100000111100
101000000111001101001111
100111000111000001001101
100111100111000001001010
100011010111100101101010
100000010111010001101011
011111100101011000111000
011100110101000000110111
100011110110011101000110
100111000111000101001101
011111110101101000111101
011100100101000000110110
101101011000000101011001
110000001000101001011111
110000101000110001100001
100100100110100001000111
011111110101100100111110
110010011001000101100100
101101101000001101011011
100110110111000001001101
010011010011000100011101
010100000011010000011111
110010011001000101100100
101111101000100101011110
110010001001000001100011
010111100100000000101011
011101100101001100111001
100111100111001001001110
100101110110110101001010
100101100110100101000100
100011011000001001111001
100001011000000001111110
011110100101001000110100
100101010110101101001001
100001000101110101000000
011111100101100100111100
011110000101010000111001
011100110101000000110110
100101110110110001001010
100111000111000001001101
100110010110111001001011
101010010111101001010011
101010000111100001010100
011110000101010000111001
100001000101110101000000
100111100110111101001001
011000100110011001101001
011001010110011001100111
101000100111001001001011
100111000111000001001101
101000000111001101001111
011110100101011000111010
011010000100100000110010
010110100011111000101001
011111110101101000111101
100111000111000001001100
100001000110000101000101
011011000101000000111011
010101000011100000100101
100010100110001101000011
011100000100111000110101
011001000100010100101110
100000010101101100111110
100010000110000101000010
100001010101111101000001
100011100110010101000101
100101000110101101001001
101000000111001101001111
101001100111011101010011
100101100110101101001001
100100110110100101001000
100010000101111100111111
011100000110000101010110
011100010110000101010101
100010010101111100111111
100001100101111101000001
100010000110000101000010
011111000101011100111011
011100000100111000110101
011001000100010100101110
011110010101010100111010
100001110110000001000010
100100100110100001000110
100101010110100101000111
100001100101111101000001
011110010101010100111010
010111000011111000101010
010010110011001100100001
100011000110001101000100
100111100111001001001110
011110100101011000111010
100001110110000001000001
100110100110111001001011
100101010110101101001001
100111100111000101001110
110001011000110101100010
101011000111101101010101
011011110100110100110100
011110010101001100110110
011110010101001100110111
011110010101010100111010
011110000101010000111001
011100100101000000110110
011110010101010100111010
011110110101011000111011
011110110101011000111011
011101100101001100111000
011011100100110000110100
101000010111010001001111
110000111000110001100001
110000011000101101100000
011101110101010000111001
011110110101011000111011
011110110101011100111011
100001000101111001000000
100010000110000101000010
011110000101010000111001
011111010101101000111111
100000110110000101001000
100001000101111101000010
100011000110010001000100
101010100111101001010100
100111110111001001001110
100010100110001101000011
011101010101000100110111
011101110101010000111001
011000010100001100101101
011001000100010100101111
101010100111100101010100
011010110100101000110010
011011010100110000110100
011101110101010000111001
100011100110010001000101
101000000111001001001110
101000100111010101010000
101001010111011101010010
101001010111011001010001
011111010101100000111100
100011010110010101000101
100101110110110001001010
011101110101010000111001
011011100100110000110100
100001000101110100111111
011111010101101101000001
011100100101011001000010
011100010101000100111010
011101100101001100111000
100100010110100001000111
100011100110011001000101
100010110110001101000100
100001010101111001000000
100001010101111101000000
011001010100011000101111
011010110100101000110010
101111011000100001011110
011011000100101100110011
011011000100101100110011
011101100101001100111000
100101110110101101001010
101101001000000101011001
100111100111001001001110
100100110110100101001000
100101000110101001001000
100110110111000001001100
011111110101101000111101
011110000101010000111001
010110010011110100101000
010001110011000000011111
101101011000001001011010
100111100111000001001101
011101100101001000110111
011000100100010000101110
010110010011110000101000
011110100101010000110111
011011000100101000110001
010000110010110000011101
110011001001001101100110
110000001000101001011111
110001001000110101100001
110000101000101101100001
011010000100100000110001
100110000110110101001011
100010110110010001000011
011101100101001000111000
011101000101000100110111
011011110100110100110100
100010000110001001000011
100110000110111001001011
100110000110110101001011
100110000110111001001011
100000000101101000111110
011110000101010000111001
011100100101000000110110
011010110100101000110010
101010100111101001010100
100110010110110101001011
011111110101101000111101
011011010100110000110011
011001000100011100110001
100000000110010101010001
011101010101101001000101
010101010011100100100101
101110011000010101011100
101100000111111001010111
101100000111111101010111
101100000111111001010111
011100000100111000110101
100011000110010001000101
100010000110000101000010
011111110101101000111101
100000000101101000111110
011111110101101000111101
100010010110001001000011
100011010110010101000101
100001010101111101000001
100110000110111001001011
100000000101101000111110
011100010100111100110110
101100111000000001011001
110001101000111101100011
100110010110111001001100
100101000110101101001001
100110100110111101001100
100001110101111100111111
011111010110000001001010
100010011001000110010111
100001010111111001111001
011101100100111100110010
100101100110110001001010
100100100110100101001000
100100110110101001001000
100100110110101001001000
011101010101001000111000
011101010101000100110111
100010000110000101000010
100110100110111101001100
100110000110111001001011
100110100110111101001100
100001010101110100111111
011010110100101100110011
010100000011011000100100
