000110010001010000001100
000110010001010000001100
100111111000010001001101
100111111000010001001101
100111111000010001001101
100111111000010001001101
100111111000010001001101
100111111000010001001101
100111111000010001001101
100111111000010001001101
100111111000010001001101
100111111000010001001101
001011010010010000010111
001011010010010000010111
001011010010010000010111
101101000111011101001011
101101000111011101001011
010110110010111100011100
010110110010111100011100
010110110010111100011100
010110000010110100011010
010110000010110100011010
101101000111011101001011
101101000111011101001011
101101000111011101001011
001011010010010000010111
001011010010010000010111
101111001001100001100010
101111001001100001100010
101111001001100001100010
101111001001100001100010
101111001001100001100010
101111001001100001100010
101111001001100001100010
101111001001100001100010
101111001001100001100010
101111001001100001100010
000110010001010000001100
000110010001010000001100
000110010001010000001100
000110010001010000001100
000110010001010000001100
100111111000010001001101
100111111000010001001101
100111111000010001001101
100111111000010001001101
100111111000010001001101
100111111000010001001101
100111111000010001001101
100111111000010001001101
100111111000010001001101
100111111000010001001101
001011010010010000010111
001011010010010000010111
001011010010010000010111
101101000111011101001011
101101000111011101001011
010110110010111100011100
010110110010111100011100
010110110010111100011100
010110000010110100011010
010110000010110100011010
101101000111011101001011
101101000111011101001011
101101000111011101001011
001011010010010000010111
001011010010010000010111
101111001001100001100010
101111001001100001100010
101111001001100001100010
101111001001100001100010
101111001001100001100010
101111001001100001100010
101111001001100001100010
101111001001100001100010
101111001001100001100010
101111001001100001100010
000110010001010000001100
000110010001010000001100
000110010001010000001100
000110010001010000001100
000110010001010000001100
101111001001100001100010
101111001001100001100010
101111001001100001100010
101101001001000001011010
101101001001000001011010
011100110101111000111001
011100110101111000111001
011100110101111000111001
101101001001000001011010
101101001001000001011010
101101001001000001011010
101101001001000001011010
101101001001000001011010
001001100010000000010010
001001100010000000010010
010110000010110100011010
010110000010110100011010
010110000010110100011010
010110000010110100011010
010110000010110100011010
001001100010000000010010
001001100010000000010010
001001100010000000010010
100111111000010001001101
100111111000010001001101
101101001001000001011010
101101001001000001011010
101101001001000001011010
100111111000010001001101
100111111000010001001101
101101001001000001011010
101101001001000001011010
101101001001000001011010
101111001001100001100010
101111001001100001100010
000110010001010000001100
000110010001010000001100
000110010001010000001100
000110010001010000001100
000110010001010000001100
101111001001100001100010
101111001001100001100010
101111001001100001100010
101101001001000001011010
101101001001000001011010
011100110101111000111001
011100110101111000111001
011100110101111000111001
101101001001000001011010
101101001001000001011010
101101001001000001011010
101101001001000001011010
101101001001000001011010
001001100010000000010010
001001100010000000010010
010110000010110100011010
010110000010110100011010
010110000010110100011010
010110000010110100011010
010110000010110100011010
001001100010000000010010
001001100010000000010010
001001100010000000010010
100111111000010001001101
100111111000010001001101
101101001001000001011010
101101001001000001011010
101101001001000001011010
100111111000010001001101
100111111000010001001101
101101001001000001011010
101101001001000001011010
101101001001000001011010
101111001001100001100010
101111001001100001100010
000110010001010000001100
000110010001010000001100
000110010001010000001100
000110010001010000001100
000110010001010000001100
101111001001100001100010
101111001001100001100010
101111001001100001100010
101101001001000001011010
101101001001000001011010
011100110101111000111001
011100110101111000111001
011100110101111000111001
101101001001000001011010
101101001001000001011010
101101001001000001011010
101101001001000001011010
101101001001000001011010
001001100010000000010010
001001100010000000010010
010110000010110100011010
010110000010110100011010
010110000010110100011010
010110000010110100011010
010110000010110100011010
001001100010000000010010
001001100010000000010010
001001100010000000010010
100111111000010001001101
100111111000010001001101
101101001001000001011010
101101001001000001011010
101101001001000001011010
100111111000010001001101
100111111000010001001101
101101001001000001011010
101101001001000001011010
101101001001000001011010
101111001001100001100010
101111001001100001100010
000110010001010000001100
000110010001010000001100
000110010001010000001100
000110010001010000001100
000110010001010000001100
101111001001100001100010
101111001001100001100010
101111001001100001100010
100111111000010001001101
100111111000010001001101
100111111000010001001101
100111111000010001001101
100111111000010001001101
011111010101100000110001
011111010101100000110001
100111111000010001001101
100111111000010001001101
100111111000010001001101
101101001001000001011010
101101001001000001011010
001010110010001100010101
001010110010001100010101
001010110010001100010101
001011010010010000010111
001011010010010000010111
101111001001100001100010
101111001001100001100010
101111001001100001100010
101111001001100001100010
101111001001100001100010
101101001001000001011010
101101001001000001011010
101101001001000001011010
011100110101111000111001
011100110101111000111001
101111001001100001100010
101111001001100001100010
101111001001100001100010
101111001001100001100010
101111001001100001100010
000110010001010000001100
000110010001010000001100
000110010001010000001100
000110010001010000001100
000110010001010000001100
101111001001100001100010
101111001001100001100010
101111001001100001100010
100111111000010001001101
100111111000010001001101
100111111000010001001101
100111111000010001001101
100111111000010001001101
011111010101100000110001
011111010101100000110001
100111111000010001001101
100111111000010001001101
100111111000010001001101
101101001001000001011010
101101001001000001011010
001010110010001100010101
001010110010001100010101
001010110010001100010101
001011010010010000010111
001011010010010000010111
101111001001100001100010
101111001001100001100010
101111001001100001100010
101111001001100001100010
101111001001100001100010
101101001001000001011010
101101001001000001011010
101101001001000001011010
011100110101111000111001
011100110101111000111001
101111001001100001100010
101111001001100001100010
101111001001100001100010
101111001001100001100010
101111001001100001100010
000110010001010000001100
000110010001010000001100
000110010001010000001100
000110010001010000001100
000110010001010000001100
011010010101010000110011
011010010101010000110011
011010010101010000110011
011010010101010000110011
011010010101010000110011
010010100011110000100100
010010100011110000100100
010010100011110000100100
010010100011110000100100
010010100011110000100100
011100110101111000111001
011100110101111000111001
011100110101111000111001
011100110101111000111001
011100110101111000111001
000110110001011000001101
000110110001011000001101
000110110001011000001101
000110110001011000001101
000110110001011000001101
011100110101111000111001
011100110101111000111001
011100110101111000111001
010000110011011000100001
010000110011011000100001
001010000001111000001011
001010000001111000001011
001010000001111000001011
001010000001111000001011
001010000001111000001011
001010000001111000001011
001010000001111000001011
001010000001111000001011
011100110101111000111001
011100110101111000111001
000110010001010000001100
000110010001010000001100
000110010001010000001100
000110010001010000001100
000110010001010000001100
011010010101010000110011
011010010101010000110011
011010010101010000110011
011010010101010000110011
011010010101010000110011
010010100011110000100100
010010100011110000100100
010010100011110000100100
010010100011110000100100
010010100011110000100100
011100110101111000111001
011100110101111000111001
011100110101111000111001
011100110101111000111001
011100110101111000111001
000110110001011000001101
000110110001011000001101
000110110001011000001101
000110110001011000001101
000110110001011000001101
011100110101111000111001
011100110101111000111001
011100110101111000111001
010000110011011000100001
010000110011011000100001
001010000001111000001011
001010000001111000001011
001010000001111000001011
001010000001111000001011
001010000001111000001011
001010000001111000001011
001010000001111000001011
001010000001111000001011
011100110101111000111001
011100110101111000111001
000110010001010000001100
000110010001010000001100
000110010001010000001100
000110010001010000001100
000110010001010000001100
011010010101010000110011
011010010101010000110011
011010010101010000110011
011010010101010000110011
011010010101010000110011
010010100011110000100100
010010100011110000100100
010010100011110000100100
010010100011110000100100
010010100011110000100100
011100110101111000111001
011100110101111000111001
011100110101111000111001
011100110101111000111001
011100110101111000111001
000110110001011000001101
000110110001011000001101
000110110001011000001101
000110110001011000001101
000110110001011000001101
011100110101111000111001
011100110101111000111001
011100110101111000111001
010000110011011000100001
010000110011011000100001
001010000001111000001011
001010000001111000001011
001010000001111000001011
001010000001111000001011
001010000001111000001011
001010000001111000001011
001010000001111000001011
001010000001111000001011
011100110101111000111001
011100110101111000111001
000110010001010000001100
000110010001010000001100
000110010001010000001100
000110010001010000001100
000110010001010000001100
100111111000010001001101
100111111000010001001101
100111111000010001001101
100111111000010001001101
100111111000010001001101
011111010101100000110001
011111010101100000110001
011111010101100000110001
100111111000010001001101
100111111000010001001101
101111001001100001100010
101111001001100001100010
101111001001100001100010
101111001001100001100010
101111001001100001100010
001001100010000000010010
001001100010000000010010
001001100010000000010010
001011010010010000010111
001011010010010000010111
100111111000010001001101
100111111000010001001101
100111111000010001001101
011111010101100000110001
011111010101100000110001
001010000001111000001011
001010000001111000001011
001010000001111000001011
011100000101100100111000
011100000101100100111000
001010000001111000001011
001010000001111000001011
001010000001111000001011
011100000101100100111000
011100000101100100111000
000110010001010000001100
000110010001010000001100
000110010001010000001100
000110010001010000001100
000110010001010000001100
100111111000010001001101
100111111000010001001101
100111111000010001001101
100111111000010001001101
100111111000010001001101
011111010101100000110001
011111010101100000110001
011111010101100000110001
100111111000010001001101
100111111000010001001101
101111001001100001100010
101111001001100001100010
101111001001100001100010
101111001001100001100010
101111001001100001100010
001001100010000000010010
001001100010000000010010
001001100010000000010010
001011010010010000010111
001011010010010000010111
100111111000010001001101
100111111000010001001101
100111111000010001001101
011111010101100000110001
011111010101100000110001
001010000001111000001011
001010000001111000001011
001010000001111000001011
011100000101100100111000
011100000101100100111000
001010000001111000001011
001010000001111000001011
001010000001111000001011
011100000101100100111000
011100000101100100111000
000110010001010000001100
000110010001010000001100
000110010001010000001100
000110010001010000001100
000110010001010000001100
100111111000010001001101
100111111000010001001101
100111111000010001001101
011100110101111000111001
011100110101111000111001
001010000001111000001011
001010000001111000001011
001010000001111000001011
101101001001000001011010
101101001001000001011010
101101001001000001011010
101101001001000001011010
101101001001000001011010
101111001001100001100010
101111001001100001100010
001001100010000000010010
001001100010000000010010
001001100010000000010010
001010110010001100010101
001010110010001100010101
101101001001000001011010
101101001001000001011010
101101001001000001011010
100110010110100000111010
100110010110100000111010
001010000001111000001011
001010000001111000001011
001010000001111000001011
001010000001111000001011
001010000001111000001011
001010000001111000001011
001010000001111000001011
001010000001111000001011
011000110101001000110000
011000110101001000110000
000110010001010000001100
000110010001010000001100
000110010001010000001100
000110010001010000001100
000110010001010000001100
100111111000010001001101
100111111000010001001101
100111111000010001001101
011100110101111000111001
011100110101111000111001
001010000001111000001011
001010000001111000001011
001010000001111000001011
101101001001000001011010
101101001001000001011010
101101001001000001011010
101101001001000001011010
101101001001000001011010
101111001001100001100010
101111001001100001100010
001001100010000000010010
001001100010000000010010
001001100010000000010010
001010110010001100010101
001010110010001100010101
101101001001000001011010
101101001001000001011010
101101001001000001011010
100110010110100000111010
100110010110100000111010
001010000001111000001011
001010000001111000001011
001010000001111000001011
001010000001111000001011
001010000001111000001011
001010000001111000001011
001010000001111000001011
001010000001111000001011
011000110101001000110000
011000110101001000110000
000110010001010000001100
000110010001010000001100
000110010001010000001100
000110010001010000001100
000110010001010000001100
100111111000010001001101
100111111000010001001101
100111111000010001001101
011100110101111000111001
011100110101111000111001
001010000001111000001011
001010000001111000001011
001010000001111000001011
101101001001000001011010
101101001001000001011010
101101001001000001011010
101101001001000001011010
101101001001000001011010
101111001001100001100010
101111001001100001100010
001001100010000000010010
001001100010000000010010
001001100010000000010010
001010110010001100010101
001010110010001100010101
101101001001000001011010
101101001001000001011010
101101001001000001011010
100110010110100000111010
100110010110100000111010
001010000001111000001011
001010000001111000001011
001010000001111000001011
001010000001111000001011
001010000001111000001011
001010000001111000001011
001010000001111000001011
001010000001111000001011
011000110101001000110000
011000110101001000110000
000110010001010000001100
000110010001010000001100
000110010001010000001100
000110010001010000001100
000110010001010000001100
101111001001100001100010
101111001001100001100010
101111001001100001100010
101111001001100001100010
101111001001100001100010
001010000001111000001011
001010000001111000001011
001010000001111000001011
101111001001100001100010
101111001001100001100010
101111001001100001100010
101111001001100001100010
101111001001100001100010
101111001001100001100010
101111001001100001100010
001001100010000000010010
001001100010000000010010
001001100010000000010010
001001100010000000010010
001001100010000000010010
100111111000010001001101
100111111000010001001101
100111111000010001001101
010010100011110000100100
010010100011110000100100
110110001101100011011000
110110001101100011011000
110110001101100011011000
110110001101100011011000
110110001101100011011000
101101011011010110110101
101101011011010110110101
101101011011010110110101
011101010101111000111101
011101010101111000111101
000110010001010000001100
000110010001010000001100
000110010001010000001100
000110010001010000001100
000110010001010000001100
101111001001100001100010
101111001001100001100010
101111001001100001100010
101111001001100001100010
101111001001100001100010
001010000001111000001011
001010000001111000001011
001010000001111000001011
101111001001100001100010
101111001001100001100010
101111001001100001100010
101111001001100001100010
101111001001100001100010
101111001001100001100010
101111001001100001100010
001001100010000000010010
001001100010000000010010
001001100010000000010010
001001100010000000010010
001001100010000000010010
100111111000010001001101
100111111000010001001101
100111111000010001001101
010010100011110000100100
010010100011110000100100
110110001101100011011000
110110001101100011011000
110110001101100011011000
110110001101100011011000
110110001101100011011000
101101011011010110110101
101101011011010110110101
101101011011010110110101
011101010101111000111101
011101010101111000111101
000110010001010000001100
000110010001010000001100
000110010001010000001100
000110010001010000001100
000110010001010000001100
011100110101111000111001
011100110101111000111001
011100110101111000111001
011010010101010000110011
011010010101010000110011
001010000001111000001011
001010000001111000001011
001010000001111000001011
011010010101010000110011
011010010101010000110011
011010010101010000110011
011010010101010000110011
011010010101010000110011
011010010101010000110011
011010010101010000110011
000110110001011000001101
000110110001011000001101
000110110001011000001101
000110110001011000001101
000110110001011000001101
011100110101111000111001
011100110101111000111001
011100110101111000111001
011010010101010000110011
011010010101010000110011
111111111111111111111111
111111111111111111111111
111111111111111111111111
110110001101100011011000
110110001101100011011000
101101011011010110110101
101101011011010110110101
101101011011010110110101
010001110011101000100011
010001110011101000100011
000110010001010000001100
000110010001010000001100
000110010001010000001100
000110010001010000001100
000110010001010000001100
011100110101111000111001
011100110101111000111001
011100110101111000111001
011010010101010000110011
011010010101010000110011
001010000001111000001011
001010000001111000001011
001010000001111000001011
011010010101010000110011
011010010101010000110011
011010010101010000110011
011010010101010000110011
011010010101010000110011
011010010101010000110011
011010010101010000110011
000110110001011000001101
000110110001011000001101
000110110001011000001101
000110110001011000001101
000110110001011000001101
011100110101111000111001
011100110101111000111001
011100110101111000111001
011010010101010000110011
011010010101010000110011
111111111111111111111111
111111111111111111111111
111111111111111111111111
110110001101100011011000
110110001101100011011000
101101011011010110110101
101101011011010110110101
101101011011010110110101
010001110011101000100011
010001110011101000100011
000110010001010000001100
000110010001010000001100
000110010001010000001100
000110010001010000001100
000110010001010000001100
011100110101111000111001
011100110101111000111001
011100110101111000111001
011010010101010000110011
011010010101010000110011
001010000001111000001011
001010000001111000001011
001010000001111000001011
011010010101010000110011
011010010101010000110011
011010010101010000110011
011010010101010000110011
011010010101010000110011
011010010101010000110011
011010010101010000110011
000110110001011000001101
000110110001011000001101
000110110001011000001101
000110110001011000001101
000110110001011000001101
011100110101111000111001
011100110101111000111001
011100110101111000111001
011010010101010000110011
011010010101010000110011
111111111111111111111111
111111111111111111111111
111111111111111111111111
110110001101100011011000
110110001101100011011000
101101011011010110110101
101101011011010110110101
101101011011010110110101
010001110011101000100011
010001110011101000100011
000110010001010000001100
000110010001010000001100
000110010001010000001100
000110010001010000001100
000110010001010000001100
101111001001100001100010
101111001001100001100010
101111001001100001100010
101111001001100001100010
101111001001100001100010
001010000001111000001011
001010000001111000001011
001010000001111000001011
101101011011010110110101
101101011011010110110101
011100110101111000111001
011100110101111000111001
011100110101111000111001
100111111000010001001101
100111111000010001001101
001011010010010000010111
001011010010010000010111
001011010010010000010111
001011010010010000010111
001011010010010000010111
101101001001000001011010
101101001001000001011010
101101001001000001011010
101101001001000001011010
101101001001000001011010
011100000101100100111000
011100000101100100111000
011100000101100100111000
110110001101100011011000
110110001101100011011000
101101011011010110110101
101101011011010110110101
101101011011010110110101
011101010101111000111101
011101010101111000111101
000110010001010000001100
000110010001010000001100
000110010001010000001100
000110010001010000001100
000110010001010000001100
101111001001100001100010
101111001001100001100010
101111001001100001100010
101111001001100001100010
101111001001100001100010
001010000001111000001011
001010000001111000001011
001010000001111000001011
101101011011010110110101
101101011011010110110101
011100110101111000111001
011100110101111000111001
011100110101111000111001
100111111000010001001101
100111111000010001001101
001011010010010000010111
001011010010010000010111
001011010010010000010111
001011010010010000010111
001011010010010000010111
101101001001000001011010
101101001001000001011010
101101001001000001011010
101101001001000001011010
101101001001000001011010
011100000101100100111000
011100000101100100111000
011100000101100100111000
110110001101100011011000
110110001101100011011000
101101011011010110110101
101101011011010110110101
101101011011010110110101
011101010101111000111101
011101010101111000111101
000110010001010000001100
000110010001010000001100
000110010001010000001100
000110010001010000001100
000110010001010000001100
100111111000010001001101
100111111000010001001101
100111111000010001001101
101101011011010110110101
101101011011010110110101
110110001101100011011000
110110001101100011011000
110110001101100011011000
101101011011010110110101
101101011011010110110101
011101010101111000111101
011101010101111000111101
011101010101111000111101
101101001001000001011010
101101001001000001011010
001010110010001100010101
001010110010001100010101
001010110010001100010101
001001100010000000010010
001001100010000000010010
100111111000010001001101
100111111000010001001101
100111111000010001001101
100111111000010001001101
100111111000010001001101
011100110101111000111001
011100110101111000111001
011100110101111000111001
111111111111111111111111
111111111111111111111111
101101011011010110110101
101101011011010110110101
101101011011010110110101
011000110101001000110000
011000110101001000110000
000110010001010000001100
000110010001010000001100
000110010001010000001100
000110010001010000001100
000110010001010000001100
100111111000010001001101
100111111000010001001101
100111111000010001001101
101101011011010110110101
101101011011010110110101
110110001101100011011000
110110001101100011011000
110110001101100011011000
101101011011010110110101
101101011011010110110101
011101010101111000111101
011101010101111000111101
011101010101111000111101
101101001001000001011010
101101001001000001011010
001010110010001100010101
001010110010001100010101
001010110010001100010101
001001100010000000010010
001001100010000000010010
100111111000010001001101
100111111000010001001101
100111111000010001001101
100111111000010001001101
100111111000010001001101
011100110101111000111001
011100110101111000111001
011100110101111000111001
111111111111111111111111
111111111111111111111111
101101011011010110110101
101101011011010110110101
101101011011010110110101
011000110101001000110000
011000110101001000110000
000110010001010000001100
000110010001010000001100
000110010001010000001100
000110010001010000001100
000110010001010000001100
100111111000010001001101
100111111000010001001101
100111111000010001001101
101101011011010110110101
101101011011010110110101
110110001101100011011000
110110001101100011011000
110110001101100011011000
101101011011010110110101
101101011011010110110101
011101010101111000111101
011101010101111000111101
011101010101111000111101
101101001001000001011010
101101001001000001011010
001010110010001100010101
001010110010001100010101
001010110010001100010101
001001100010000000010010
001001100010000000010010
100111111000010001001101
100111111000010001001101
100111111000010001001101
100111111000010001001101
100111111000010001001101
011100110101111000111001
011100110101111000111001
011100110101111000111001
111111111111111111111111
111111111111111111111111
101101011011010110110101
101101011011010110110101
101101011011010110110101
011000110101001000110000
011000110101001000110000
000110010001010000001100
000110010001010000001100
000110010001010000001100
000110010001010000001100
000110010001010000001100
101101001001000001011010
101101001001000001011010
101101001001000001011010
011100000101100100111000
011100000101100100111000
011100000101100100111000
011100000101100100111000
011100000101100100111000
101101011011010110110101
101101011011010110110101
011101010101111000111101
011101010101111000111101
011101010101111000111101
100111111000010001001101
100111111000010001001101
000111100001010100001011
000111100001010100001011
000111100001010100001011
001001100010000000010010
001001100010000000010010
100111111000010001001101
100111111000010001001101
100111111000010001001101
101101001001000001011010
101101001001000001011010
101101001001000001011010
101101001001000001011010
101101001001000001011010
110110001101100011011000
110110001101100011011000
101101011011010110110101
101101011011010110110101
101101011011010110110101
011100000101100100111000
011100000101100100111000
000110010001010000001100
000110010001010000001100
000110010001010000001100
000110010001010000001100
000110010001010000001100
101101001001000001011010
101101001001000001011010
101101001001000001011010
011100000101100100111000
011100000101100100111000
011100000101100100111000
011100000101100100111000
011100000101100100111000
101101011011010110110101
101101011011010110110101
011101010101111000111101
011101010101111000111101
011101010101111000111101
100111111000010001001101
100111111000010001001101
000111100001010100001011
000111100001010100001011
000111100001010100001011
001001100010000000010010
001001100010000000010010
100111111000010001001101
100111111000010001001101
100111111000010001001101
101101001001000001011010
101101001001000001011010
101101001001000001011010
101101001001000001011010
101101001001000001011010
110110001101100011011000
110110001101100011011000
101101011011010110110101
101101011011010110110101
101101011011010110110101
011100000101100100111000
011100000101100100111000
000110010001010000001100
000110010001010000001100
000110010001010000001100
000110010001010000001100
000110010001010000001100
011010010101010000110011
011010010101010000110011
011010010101010000110011
011100110101111000111001
011100110101111000111001
011100110101111000111001
011100110101111000111001
011100110101111000111001
010000010011010000011111
010000010011010000011111
010000010011010000011111
010000010011010000011111
010000010011010000011111
011010010101010000110011
011010010101010000110011
000100010000111000001000
000100010000111000001000
000100010000111000001000
000110110001011000001101
000110110001011000001101
011100110101111000111001
011100110101111000111001
011100110101111000111001
011100110101111000111001
011100110101111000111001
011100110101111000111001
011100110101111000111001
011100110101111000111001
001010010010000100010100
001010010010000100010100
101101011011010110110101
101101011011010110110101
101101011011010110110101
010000010011010000011111
010000010011010000011111
000110010001010000001100
000110010001010000001100
000110010001010000001100
000110010001010000001100
000110010001010000001100
011010010101010000110011
011010010101010000110011
011010010101010000110011
011100110101111000111001
011100110101111000111001
011100110101111000111001
011100110101111000111001
011100110101111000111001
010000010011010000011111
010000010011010000011111
010000010011010000011111
010000010011010000011111
010000010011010000011111
011010010101010000110011
011010010101010000110011
000100010000111000001000
000100010000111000001000
000100010000111000001000
000110110001011000001101
000110110001011000001101
011100110101111000111001
011100110101111000111001
011100110101111000111001
011100110101111000111001
011100110101111000111001
011100110101111000111001
011100110101111000111001
011100110101111000111001
001010010010000100010100
001010010010000100010100
101101011011010110110101
101101011011010110110101
101101011011010110110101
010000010011010000011111
010000010011010000011111
000110010001010000001100
000110010001010000001100
000110010001010000001100
000110010001010000001100
000110010001010000001100
011010010101010000110011
011010010101010000110011
011010010101010000110011
011100110101111000111001
011100110101111000111001
011100110101111000111001
011100110101111000111001
011100110101111000111001
010000010011010000011111
010000010011010000011111
010000010011010000011111
010000010011010000011111
010000010011010000011111
011010010101010000110011
011010010101010000110011
000100010000111000001000
000100010000111000001000
000100010000111000001000
000110110001011000001101
000110110001011000001101
011100110101111000111001
011100110101111000111001
011100110101111000111001
011100110101111000111001
011100110101111000111001
011100110101111000111001
011100110101111000111001
011100110101111000111001
001010010010000100010100
001010010010000100010100
101101011011010110110101
101101011011010110110101
101101011011010110110101
010000010011010000011111
010000010011010000011111
000110010001010000001100
000110010001010000001100
000110010001010000001100
000110010001010000001100
000110010001010000001100
101111001001100001100010
101111001001100001100010
101111001001100001100010
101111001001100001100010
101111001001100001100010
101001000111001100111111
101001000111001100111111
101001000111001100111111
101111001001100001100010
101111001001100001100010
100111111000010001001101
100111111000010001001101
100111111000010001001101
101111001001100001100010
101111001001100001100010
000111100001010100001011
000111100001010100001011
000111100001010100001011
001001100010000000010010
001001100010000000010010
100111111000010001001101
100111111000010001001101
100111111000010001001101
100111111000010001001101
100111111000010001001101
100111111000010001001101
100111111000010001001101
100111111000010001001101
100110010110100000111010
100110010110100000111010
111111111111111111111111
111111111111111111111111
111111111111111111111111
011101010101111000111101
011101010101111000111101
000110010001010000001100
000110010001010000001100
000110010001010000001100
000110010001010000001100
000110010001010000001100
101111001001100001100010
101111001001100001100010
101111001001100001100010
101111001001100001100010
101111001001100001100010
101001000111001100111111
101001000111001100111111
101001000111001100111111
101111001001100001100010
101111001001100001100010
100111111000010001001101
100111111000010001001101
100111111000010001001101
101111001001100001100010
101111001001100001100010
000111100001010100001011
000111100001010100001011
000111100001010100001011
001001100010000000010010
001001100010000000010010
100111111000010001001101
100111111000010001001101
100111111000010001001101
100111111000010001001101
100111111000010001001101
100111111000010001001101
100111111000010001001101
100111111000010001001101
100110010110100000111010
100110010110100000111010
111111111111111111111111
111111111111111111111111
111111111111111111111111
011101010101111000111101
011101010101111000111101
000110010001010000001100
000110010001010000001100
000110010001010000001100
000110010001010000001100
000110010001010000001100
100111111000010001001101
100111111000010001001101
100111111000010001001101
011100110101111000111001
011100110101111000111001
101001000111001100111111
101001000111001100111111
101001000111001100111111
101111001001100001100010
101111001001100001100010
101111001001100001100010
101111001001100001100010
101111001001100001100010
101111001001100001100010
101111001001100001100010
001001100010000000010010
001001100010000000010010
001001100010000000010010
001011010010010000010111
001011010010010000010111
101101001001000001011010
101101001001000001011010
101101001001000001011010
101101001001000001011010
101101001001000001011010
100111111000010001001101
100111111000010001001101
100111111000010001001101
100111111000010001001101
100111111000010001001101
011000110101001000110000
011000110101001000110000
011000110101001000110000
011000110101001000110000
011000110101001000110000
000110010001010000001100
000110010001010000001100
000110010001010000001100
000110010001010000001100
000110010001010000001100
100111111000010001001101
100111111000010001001101
100111111000010001001101
011100110101111000111001
011100110101111000111001
101001000111001100111111
101001000111001100111111
101001000111001100111111
101111001001100001100010
101111001001100001100010
101111001001100001100010
101111001001100001100010
101111001001100001100010
101111001001100001100010
101111001001100001100010
001001100010000000010010
001001100010000000010010
001001100010000000010010
001011010010010000010111
001011010010010000010111
101101001001000001011010
101101001001000001011010
101101001001000001011010
101101001001000001011010
101101001001000001011010
100111111000010001001101
100111111000010001001101
100111111000010001001101
100111111000010001001101
100111111000010001001101
011000110101001000110000
011000110101001000110000
011000110101001000110000
011000110101001000110000
011000110101001000110000
000110010001010000001100
000110010001010000001100
000110010001010000001100
000110010001010000001100
000110010001010000001100
100111111000010001001101
100111111000010001001101
100111111000010001001101
011100110101111000111001
011100110101111000111001
101001000111001100111111
101001000111001100111111
101001000111001100111111
101111001001100001100010
101111001001100001100010
101111001001100001100010
101111001001100001100010
101111001001100001100010
101111001001100001100010
101111001001100001100010
001001100010000000010010
001001100010000000010010
001001100010000000010010
001011010010010000010111
001011010010010000010111
101101001001000001011010
101101001001000001011010
101101001001000001011010
101101001001000001011010
101101001001000001011010
100111111000010001001101
100111111000010001001101
100111111000010001001101
100111111000010001001101
100111111000010001001101
011000110101001000110000
011000110101001000110000
011000110101001000110000
011000110101001000110000
011000110101001000110000
000110010001010000001100
000110010001010000001100
000110010001010000001100
000110010001010000001100
000110010001010000001100
101111001001100001100010
101111001001100001100010
101111001001100001100010
100111111000010001001101
100111111000010001001101
011111010101100000110001
011111010101100000110001
011111010101100000110001
100111111000010001001101
100111111000010001001101
101111001001100001100010
101111001001100001100010
101111001001100001100010
101111001001100001100010
101111001001100001100010
001001100010000000010010
001001100010000000010010
001001100010000000010010
001011010010010000010111
001011010010010000010111
101111001001100001100010
101111001001100001100010
101111001001100001100010
100111111000010001001101
100111111000010001001101
101101001001000001011010
101101001001000001011010
101101001001000001011010
101111001001100001100010
101111001001100001100010
101111001001100001100010
101111001001100001100010
101111001001100001100010
101111001001100001100010
101111001001100001100010
000110010001010000001100
000110010001010000001100
000110010001010000001100
000110010001010000001100
000110010001010000001100
101111001001100001100010
101111001001100001100010
101111001001100001100010
100111111000010001001101
100111111000010001001101
011111010101100000110001
011111010101100000110001
011111010101100000110001
100111111000010001001101
100111111000010001001101
101111001001100001100010
101111001001100001100010
101111001001100001100010
101111001001100001100010
101111001001100001100010
001001100010000000010010
001001100010000000010010
001001100010000000010010
001011010010010000010111
001011010010010000010111
101111001001100001100010
101111001001100001100010
101111001001100001100010
100111111000010001001101
100111111000010001001101
101101001001000001011010
101101001001000001011010
101101001001000001011010
101111001001100001100010
101111001001100001100010
101111001001100001100010
101111001001100001100010
101111001001100001100010
101111001001100001100010
101111001001100001100010
000110010001010000001100
000110010001010000001100
000110010001010000001100
000110110001011000001101
000110110001011000001101
011100110101111000111001
011100110101111000111001
011100110101111000111001
011100110101111000111001
011100110101111000111001
011111000110001000111110
011111000110001000111110
011111000110001000111110
011010010101010000110011
011010010101010000110011
011010010101010000110011
011010010101010000110011
011010010101010000110011
011111000110001000111110
011111000110001000111110
000110010001010000001100
000110010001010000001100
000110010001010000001100
000110110001011000001101
000110110001011000001101
011100110101111000111001
011100110101111000111001
011100110101111000111001
011100110101111000111001
011100110101111000111001
011010010101010000110011
011010010101010000110011
011010010101010000110011
010011000011110100100110
010011000011110100100110
011010010101010000110011
011010010101010000110011
011010010101010000110011
011010010101010000110011
011010010101010000110011
000110110001011000001101
000110110001011000001101
000110110001011000001101
000110110001011000001101
000110110001011000001101
011100110101111000111001
011100110101111000111001
011100110101111000111001
011100110101111000111001
011100110101111000111001
011111000110001000111110
011111000110001000111110
011111000110001000111110
011010010101010000110011
011010010101010000110011
011010010101010000110011
011010010101010000110011
011010010101010000110011
011111000110001000111110
011111000110001000111110
000110010001010000001100
000110010001010000001100
000110010001010000001100
000110110001011000001101
000110110001011000001101
011100110101111000111001
011100110101111000111001
011100110101111000111001
011100110101111000111001
011100110101111000111001
011010010101010000110011
011010010101010000110011
011010010101010000110011
010011000011110100100110
010011000011110100100110
011010010101010000110011
011010010101010000110011
011010010101010000110011
011010010101010000110011
011010010101010000110011
000110110001011000001101
000110110001011000001101
000110110001011000001101
000110110001011000001101
000110110001011000001101
011100110101111000111001
011100110101111000111001
011100110101111000111001
011100110101111000111001
011100110101111000111001
011111000110001000111110
011111000110001000111110
011111000110001000111110
011010010101010000110011
011010010101010000110011
011010010101010000110011
011010010101010000110011
011010010101010000110011
011111000110001000111110
011111000110001000111110
000110010001010000001100
000110010001010000001100
000110010001010000001100
000110110001011000001101
000110110001011000001101
011100110101111000111001
011100110101111000111001
011100110101111000111001
011100110101111000111001
011100110101111000111001
011010010101010000110011
011010010101010000110011
011010010101010000110011
010011000011110100100110
010011000011110100100110
011010010101010000110011
011010010101010000110011
011010010101010000110011
011010010101010000110011
011010010101010000110011
000110110001011000001101
000110110001011000001101
000110110001011000001101
