010110011000100101001101
010110011000100101001101
010110011000100101001101
010110011000100101001101
010110011000100101001101
010110001000011101001100
010110001000011101001100
010110001000011101001100
010100000111101101000101
010100000111101101000101
010100000111101101000101
010100000111101101000101
010101101000001101001010
010101101000001101001010
010101101000001101001010
010011000111010001000001
010011000111010001000001
010011000111010001000001
010101001000000001001000
010101001000000001001000
010111101001000001010001
010111101001000001010001
010110101000100101001110
010110101000100101001110
010110101000100101001110
010100100111111001000111
010100100111111001000111
010100100111111001000111
010100000111101101000110
010100000111101101000110
010100010111110001000110
010100010111110001000110
010011100111011101000011
010011100111011101000011
010011100111011101000011
010000110110011000111010
010000110110011000111010
010000110110011000111010
010101001000000101001001
010101001000000101001001
010110011000100101001101
010110011000100101001101
010110011000100101001101
010110011000100101001101
010110011000100101001101
010110001000011101001100
010110001000011101001100
010110001000011101001100
010100000111101101000101
010100000111101101000101
010100000111101101000101
010100000111101101000101
010101101000001101001010
010101101000001101001010
010101101000001101001010
010011000111010001000001
010011000111010001000001
010011000111010001000001
010101001000000001001000
010101001000000001001000
010111101001000001010001
010111101001000001010001
010110101000100101001110
010110101000100101001110
010110101000100101001110
010100100111111001000111
010100100111111001000111
010100100111111001000111
010100000111101101000110
010100000111101101000110
010100010111110001000110
010100010111110001000110
010011100111011101000011
010011100111011101000011
010011100111011101000011
010000110110011000111010
010000110110011000111010
010000110110011000111010
010101001000000101001001
010101001000000101001001
010110011000100101001101
010110011000100101001101
010101001000000001001000
010101001000000001001000
010101001000000001001000
011000001001001001010010
011000001001001001010010
011000001001001001010010
010110111000101001001110
010110111000101001001110
010111001000101101010000
010111001000101101010000
010110010011110100101001
010110010011110100101001
010110010011110100101001
011000001001001001010010
011000001001001001010010
011000001001001001010010
010011100111011101000011
010011100111011101000011
010011000111010001000001
010011000111010001000001
011001011001101001010111
011001011001101001010111
011001011001101001010111
011000111001100001010110
011000111001100001010110
011000111001100001010110
010110001000011101001100
010110001000011101001100
010011100111011101000011
010011100111011101000011
010101001000000001001000
010101001000000001001000
010101001000000001001000
010100000111101101000110
010100000111101101000110
010100000111101101000110
010100110111111101001000
010100110111111101001000
010110011000100101001101
010110011000100101001101
010101001000000001001000
010101001000000001001000
010101001000000001001000
011000001001001001010010
011000001001001001010010
011000001001001001010010
010110111000101001001110
010110111000101001001110
010111001000101101010000
010111001000101101010000
010110010011110100101001
010110010011110100101001
010110010011110100101001
011000001001001001010010
011000001001001001010010
011000001001001001010010
010011100111011101000011
010011100111011101000011
010011000111010001000001
010011000111010001000001
011001011001101001010111
011001011001101001010111
011001011001101001010111
011000111001100001010110
011000111001100001010110
011000111001100001010110
010110001000011101001100
010110001000011101001100
010011100111011101000011
010011100111011101000011
010101001000000001001000
010101001000000001001000
010101001000000001001000
010100000111101101000110
010100000111101101000110
010100000111101101000110
010100110111111101001000
010100110111111101001000
010110011000100101001101
010110011000100101001101
010101001000000001001000
010101001000000001001000
010101001000000001001000
011000001001001001010010
011000001001001001010010
011000001001001001010010
010110111000101001001110
010110111000101001001110
010111001000101101010000
010111001000101101010000
010110010011110100101001
010110010011110100101001
010110010011110100101001
011000001001001001010010
011000001001001001010010
011000001001001001010010
010011100111011101000011
010011100111011101000011
010011000111010001000001
010011000111010001000001
011001011001101001010111
011001011001101001010111
011001011001101001010111
011000111001100001010110
011000111001100001010110
011000111001100001010110
010110001000011101001100
010110001000011101001100
010011100111011101000011
010011100111011101000011
010101001000000001001000
010101001000000001001000
010101001000000001001000
010100000111101101000110
010100000111101101000110
010100000111101101000110
010100110111111101001000
010100110111111101001000
011000011001010101010100
011000011001010101010100
010110010011110100101001
010110010011110100101001
010110010011110100101001
011011001010010001011101
011011001010010001011101
011011001010010001011101
010100000111100101000100
010100000111100101000100
010100000111101101000101
010100000111101101000101
010110010011110100101001
010110010011110100101001
010110010011110100101001
010101101000010001001011
010101101000010001001011
010101101000010001001011
010110010011110100101001
010110010011110100101001
010101101000010001001011
010101101000010001001011
010111111001000101010010
010111111001000101010010
010111111001000101010010
011000111001100001010110
011000111001100001010110
011000111001100001010110
011010001001111001011010
011010001001111001011010
010110010011110100101001
010110010011110100101001
010001110110110100111110
010001110110110100111110
010001110110110100111110
010011010111010101000010
010011010111010101000010
010011010111010101000010
010110010011110100101001
010110010011110100101001
011000011001010101010100
011000011001010101010100
010110010011110100101001
010110010011110100101001
010110010011110100101001
011011001010010001011101
011011001010010001011101
011011001010010001011101
010100000111100101000100
010100000111100101000100
010100000111101101000101
010100000111101101000101
010110010011110100101001
010110010011110100101001
010110010011110100101001
010101101000010001001011
010101101000010001001011
010101101000010001001011
010110010011110100101001
010110010011110100101001
010101101000010001001011
010101101000010001001011
010111111001000101010010
010111111001000101010010
010111111001000101010010
011000111001100001010110
011000111001100001010110
011000111001100001010110
011010001001111001011010
011010001001111001011010
010110010011110100101001
010110010011110100101001
010001110110110100111110
010001110110110100111110
010001110110110100111110
010011010111010101000010
010011010111010101000010
010011010111010101000010
010110010011110100101001
010110010011110100101001
011000011001010101010100
011000011001010101010100
010110010011110100101001
010110010011110100101001
010110010011110100101001
011011001010010001011101
011011001010010001011101
011011001010010001011101
010100000111100101000100
010100000111100101000100
010100000111101101000101
010100000111101101000101
010110010011110100101001
010110010011110100101001
010110010011110100101001
010101101000010001001011
010101101000010001001011
010101101000010001001011
010110010011110100101001
010110010011110100101001
010101101000010001001011
010101101000010001001011
010111111001000101010010
010111111001000101010010
010111111001000101010010
011000111001100001010110
011000111001100001010110
011000111001100001010110
011010001001111001011010
011010001001111001011010
010110010011110100101001
010110010011110100101001
010001110110110100111110
010001110110110100111110
010001110110110100111110
010011010111010101000010
010011010111010101000010
010011010111010101000010
010110010011110100101001
010110010011110100101001
010110010011110100101001
010110010011110100101001
011011000110110001101100
011011000110110001101100
011011000110110001101100
010110010011110100101001
010110010011110100101001
010110010011110100101001
010110010011110100101001
010110010011110100101001
010101111000010101001011
010101111000010101001011
010110010011110100101001
010110010011110100101001
010110010011110100101001
010110010011110100101001
010110010011110100101001
010110010011110100101001
010110010011110100101001
010110010011110100101001
010011000111010001000001
010011000111010001000001
010110010011110100101001
010110010011110100101001
010110010011110100101001
010101001000000101001001
010101001000000101001001
010101001000000101001001
010110010011110100101001
010110010011110100101001
011110010101010100111010
011110010101010100111010
010110010011110100101001
010110010011110100101001
010110010011110100101001
010110010011110100101001
010110010011110100101001
010110010011110100101001
011110010101010100111010
011110010101010100111010
010110010011110100101001
010110010011110100101001
011011000110110001101100
011011000110110001101100
011011000110110001101100
010110010011110100101001
010110010011110100101001
010110010011110100101001
010110010011110100101001
010110010011110100101001
010101111000010101001011
010101111000010101001011
010110010011110100101001
010110010011110100101001
010110010011110100101001
010110010011110100101001
010110010011110100101001
010110010011110100101001
010110010011110100101001
010110010011110100101001
010011000111010001000001
010011000111010001000001
010110010011110100101001
010110010011110100101001
010110010011110100101001
010101001000000101001001
010101001000000101001001
010101001000000101001001
010110010011110100101001
010110010011110100101001
011110010101010100111010
011110010101010100111010
010110010011110100101001
010110010011110100101001
010110010011110100101001
010110010011110100101001
010110010011110100101001
010110010011110100101001
011110010101010100111010
011110010101010100111010
100101100110110001001010
100101100110110001001010
011110010101010100111010
011110010101010100111010
011110010101010100111010
100101100110110001001010
100101100110110001001010
100101100110110001001010
101110011000010101011100
101110011000010101011100
010110010011110100101001
010110010011110100101001
100101100110110001001010
100101100110110001001010
100101100110110001001010
011110010101010100111010
011110010101010100111010
011110010101010100111010
011110010101010100111010
011110010101010100111010
010110010011110100101001
010110010011110100101001
010110010011110100101001
010110010011110100101001
010110010011110100101001
010110010011110100101001
010110010011110100101001
010110010011110100101001
011011000110110001101100
011011000110110001101100
011110010101010100111010
011110010101010100111010
100101100110110001001010
100101100110110001001010
100101100110110001001010
010110010011110100101001
010110010011110100101001
010110010011110100101001
011110010101010100111010
011110010101010100111010
100101100110110001001010
100101100110110001001010
011110010101010100111010
011110010101010100111010
011110010101010100111010
100101100110110001001010
100101100110110001001010
100101100110110001001010
101110011000010101011100
101110011000010101011100
010110010011110100101001
010110010011110100101001
100101100110110001001010
100101100110110001001010
100101100110110001001010
011110010101010100111010
011110010101010100111010
011110010101010100111010
011110010101010100111010
011110010101010100111010
010110010011110100101001
010110010011110100101001
010110010011110100101001
010110010011110100101001
010110010011110100101001
010110010011110100101001
010110010011110100101001
010110010011110100101001
011011000110110001101100
011011000110110001101100
011110010101010100111010
011110010101010100111010
100101100110110001001010
100101100110110001001010
100101100110110001001010
010110010011110100101001
010110010011110100101001
010110010011110100101001
011110010101010100111010
011110010101010100111010
011110010101010100111010
011110010101010100111010
010110010011110100101001
010110010011110100101001
010110010011110100101001
100101100110110001001010
100101100110110001001010
100101100110110001001010
100101100110110001001010
100101100110110001001010
011110010101010100111010
011110010101010100111010
100101100110110001001010
100101100110110001001010
100101100110110001001010
010110010011110100101001
010110010011110100101001
010110010011110100101001
010110010011110100101001
010110010011110100101001
010110010011110100101001
010110010011110100101001
011110010101010100111010
011110010101010100111010
011110010101010100111010
011110010101010100111010
011110010101010100111010
011110010101010100111010
010110010011110100101001
010110010011110100101001
011110010101010100111010
011110010101010100111010
011110010101010100111010
011110010101010100111010
011110010101010100111010
011110010101010100111010
011110010101010100111010
011110010101010100111010
101110011000010101011100
101110011000010101011100
011110010101010100111010
011110010101010100111010
010110010011110100101001
010110010011110100101001
010110010011110100101001
100101100110110001001010
100101100110110001001010
100101100110110001001010
100101100110110001001010
100101100110110001001010
011110010101010100111010
011110010101010100111010
100101100110110001001010
100101100110110001001010
100101100110110001001010
010110010011110100101001
010110010011110100101001
010110010011110100101001
010110010011110100101001
010110010011110100101001
010110010011110100101001
010110010011110100101001
011110010101010100111010
011110010101010100111010
011110010101010100111010
011110010101010100111010
011110010101010100111010
011110010101010100111010
010110010011110100101001
010110010011110100101001
011110010101010100111010
011110010101010100111010
011110010101010100111010
011110010101010100111010
011110010101010100111010
011110010101010100111010
011110010101010100111010
011110010101010100111010
101110011000010101011100
101110011000010101011100
011110010101010100111010
011110010101010100111010
010110010011110100101001
010110010011110100101001
010110010011110100101001
100101100110110001001010
100101100110110001001010
100101100110110001001010
100101100110110001001010
100101100110110001001010
011110010101010100111010
011110010101010100111010
100101100110110001001010
100101100110110001001010
100101100110110001001010
010110010011110100101001
010110010011110100101001
010110010011110100101001
010110010011110100101001
010110010011110100101001
010110010011110100101001
010110010011110100101001
011110010101010100111010
011110010101010100111010
011110010101010100111010
011110010101010100111010
011110010101010100111010
011110010101010100111010
010110010011110100101001
010110010011110100101001
011110010101010100111010
011110010101010100111010
011110010101010100111010
011110010101010100111010
011110010101010100111010
011110010101010100111010
011110010101010100111010
011110010101010100111010
101110011000010101011100
101110011000010101011100
101110011000010101011100
101110011000010101011100
011110010101010100111010
011110010101010100111010
011110010101010100111010
011110010101010100111010
011110010101010100111010
011110010101010100111010
011110010101010100111010
011110010101010100111010
100001111000011110000111
100001111000011110000111
011110010101010100111010
011110010101010100111010
011110010101010100111010
011110010101010100111010
011110010101010100111010
011110010101010100111010
101110011000010101011100
101110011000010101011100
101110011000010101011100
101110011000010101011100
011110010101010100111010
011110010101010100111010
011110010101010100111010
101110011000010101011100
101110011000010101011100
101110011000010101011100
101110011000010101011100
101110011000010101011100
011110010101010100111010
011110010101010100111010
100101100110110001001010
100101100110110001001010
100101100110110001001010
011110010101010100111010
011110010101010100111010
011110010101010100111010
100101100110110001001010
100101100110110001001010
101110011000010101011100
101110011000010101011100
011110010101010100111010
011110010101010100111010
011110010101010100111010
011110010101010100111010
011110010101010100111010
011110010101010100111010
011110010101010100111010
011110010101010100111010
100001111000011110000111
100001111000011110000111
011110010101010100111010
011110010101010100111010
011110010101010100111010
011110010101010100111010
011110010101010100111010
011110010101010100111010
101110011000010101011100
101110011000010101011100
101110011000010101011100
101110011000010101011100
011110010101010100111010
011110010101010100111010
011110010101010100111010
101110011000010101011100
101110011000010101011100
101110011000010101011100
101110011000010101011100
101110011000010101011100
011110010101010100111010
011110010101010100111010
100101100110110001001010
100101100110110001001010
100101100110110001001010
011110010101010100111010
011110010101010100111010
011110010101010100111010
100101100110110001001010
100101100110110001001010
101110011000010101011100
101110011000010101011100
011110010101010100111010
011110010101010100111010
011110010101010100111010
011110010101010100111010
011110010101010100111010
011110010101010100111010
011110010101010100111010
011110010101010100111010
100001111000011110000111
100001111000011110000111
011110010101010100111010
011110010101010100111010
011110010101010100111010
011110010101010100111010
011110010101010100111010
011110010101010100111010
101110011000010101011100
101110011000010101011100
101110011000010101011100
101110011000010101011100
011110010101010100111010
011110010101010100111010
011110010101010100111010
101110011000010101011100
101110011000010101011100
101110011000010101011100
101110011000010101011100
101110011000010101011100
011110010101010100111010
011110010101010100111010
100101100110110001001010
100101100110110001001010
100101100110110001001010
011110010101010100111010
011110010101010100111010
011110010101010100111010
100101100110110001001010
100101100110110001001010
011110010101010100111010
011110010101010100111010
011110010101010100111010
011110010101010100111010
011110010101010100111010
101110011000010101011100
101110011000010101011100
101110011000010101011100
101110011000010101011100
101110011000010101011100
100101100110110001001010
100101100110110001001010
100101100110110001001010
100101100110110001001010
100101100110110001001010
011110010101010100111010
011110010101010100111010
011110010101010100111010
011110010101010100111010
011110010101010100111010
100101100110110001001010
100101100110110001001010
010110010011110100101001
010110010011110100101001
010110010011110100101001
100101100110110001001010
100101100110110001001010
100101100110110001001010
100101100110110001001010
100101100110110001001010
011110010101010100111010
011110010101010100111010
011110010101010100111010
011110010101010100111010
011110010101010100111010
100101100110110001001010
100101100110110001001010
100101100110110001001010
100101100110110001001010
100101100110110001001010
011110010101010100111010
011110010101010100111010
011110010101010100111010
011110010101010100111010
011110010101010100111010
101110011000010101011100
101110011000010101011100
101110011000010101011100
101110011000010101011100
101110011000010101011100
100101100110110001001010
100101100110110001001010
100101100110110001001010
100101100110110001001010
100101100110110001001010
011110010101010100111010
011110010101010100111010
011110010101010100111010
011110010101010100111010
011110010101010100111010
100101100110110001001010
100101100110110001001010
010110010011110100101001
010110010011110100101001
010110010011110100101001
100101100110110001001010
100101100110110001001010
100101100110110001001010
100101100110110001001010
100101100110110001001010
011110010101010100111010
011110010101010100111010
011110010101010100111010
011110010101010100111010
011110010101010100111010
100101100110110001001010
100101100110110001001010
100101100110110001001010
100101100110110001001010
100101100110110001001010
100101100110110001001010
100101100110110001001010
011110010101010100111010
011110010101010100111010
011110010101010100111010
011110010101010100111010
011110010101010100111010
011110010101010100111010
100101100110110001001010
100101100110110001001010
011110010101010100111010
011110010101010100111010
100101100110110001001010
100101100110110001001010
100101100110110001001010
011110010101010100111010
011110010101010100111010
011110010101010100111010
010110010011110100101001
010110010011110100101001
011110010101010100111010
011110010101010100111010
100101100110110001001010
100101100110110001001010
100101100110110001001010
100101100110110001001010
100101100110110001001010
100101100110110001001010
011110010101010100111010
011110010101010100111010
011110010101010100111010
011110010101010100111010
011110010101010100111010
011110010101010100111010
011110010101010100111010
010110010011110100101001
010110010011110100101001
010110010011110100101001
011110010101010100111010
011110010101010100111010
100101100110110001001010
100101100110110001001010
011110010101010100111010
011110010101010100111010
011110010101010100111010
011110010101010100111010
011110010101010100111010
011110010101010100111010
100101100110110001001010
100101100110110001001010
011110010101010100111010
011110010101010100111010
100101100110110001001010
100101100110110001001010
100101100110110001001010
011110010101010100111010
011110010101010100111010
011110010101010100111010
010110010011110100101001
010110010011110100101001
011110010101010100111010
011110010101010100111010
100101100110110001001010
100101100110110001001010
100101100110110001001010
100101100110110001001010
100101100110110001001010
100101100110110001001010
011110010101010100111010
011110010101010100111010
011110010101010100111010
011110010101010100111010
011110010101010100111010
011110010101010100111010
011110010101010100111010
010110010011110100101001
010110010011110100101001
010110010011110100101001
011110010101010100111010
011110010101010100111010
011110010101010100111010
011110010101010100111010
100101100110110001001010
100101100110110001001010
100101100110110001001010
010110010011110100101001
010110010011110100101001
010110010011110100101001
011110010101010100111010
011110010101010100111010
011110010101010100111010
011110010101010100111010
010110010011110100101001
010110010011110100101001
010110010011110100101001
010110010011110100101001
010110010011110100101001
010110010011110100101001
011110010101010100111010
011110010101010100111010
011110010101010100111010
011110010101010100111010
011110010101010100111010
011110010101010100111010
011110010101010100111010
011110010101010100111010
011110010101010100111010
011110010101010100111010
011110010101010100111010
011110010101010100111010
101110011000010101011100
101110011000010101011100
101110011000010101011100
101110011000010101011100
101110011000010101011100
011110010101010100111010
011110010101010100111010
011110010101010100111010
100101100110110001001010
100101100110110001001010
011110010101010100111010
011110010101010100111010
100101100110110001001010
100101100110110001001010
100101100110110001001010
010110010011110100101001
010110010011110100101001
010110010011110100101001
011110010101010100111010
011110010101010100111010
011110010101010100111010
011110010101010100111010
010110010011110100101001
010110010011110100101001
010110010011110100101001
010110010011110100101001
010110010011110100101001
010110010011110100101001
011110010101010100111010
011110010101010100111010
011110010101010100111010
011110010101010100111010
011110010101010100111010
011110010101010100111010
011110010101010100111010
011110010101010100111010
011110010101010100111010
011110010101010100111010
011110010101010100111010
011110010101010100111010
101110011000010101011100
101110011000010101011100
101110011000010101011100
101110011000010101011100
101110011000010101011100
011110010101010100111010
011110010101010100111010
011110010101010100111010
100101100110110001001010
100101100110110001001010
011110010101010100111010
011110010101010100111010
100101100110110001001010
100101100110110001001010
100101100110110001001010
010110010011110100101001
010110010011110100101001
010110010011110100101001
011110010101010100111010
011110010101010100111010
011110010101010100111010
011110010101010100111010
010110010011110100101001
010110010011110100101001
010110010011110100101001
010110010011110100101001
010110010011110100101001
010110010011110100101001
011110010101010100111010
011110010101010100111010
011110010101010100111010
011110010101010100111010
011110010101010100111010
011110010101010100111010
011110010101010100111010
011110010101010100111010
011110010101010100111010
011110010101010100111010
011110010101010100111010
011110010101010100111010
101110011000010101011100
101110011000010101011100
101110011000010101011100
101110011000010101011100
101110011000010101011100
011110010101010100111010
011110010101010100111010
011110010101010100111010
100101100110110001001010
100101100110110001001010
011110010101010100111010
011110010101010100111010
100101100110110001001010
100101100110110001001010
100101100110110001001010
011110010101010100111010
011110010101010100111010
011110010101010100111010
101110011000010101011100
101110011000010101011100
101110011000010101011100
101110011000010101011100
011110010101010100111010
011110010101010100111010
011110010101010100111010
101110011000010101011100
101110011000010101011100
101110011000010101011100
100101100110110001001010
100101100110110001001010
010110010011110100101001
010110010011110100101001
101110011000010101011100
101110011000010101011100
101110011000010101011100
101110011000010101011100
101110011000010101011100
101110011000010101011100
010110010011110100101001
010110010011110100101001
100101100110110001001010
100101100110110001001010
100101100110110001001010
100101100110110001001010
100101100110110001001010
100001111000011110000111
100001111000011110000111
100001111000011110000111
011110010101010100111010
011110010101010100111010
011110010101010100111010
011110010101010100111010
100101100110110001001010
100101100110110001001010
100101100110110001001010
011110010101010100111010
011110010101010100111010
011110010101010100111010
101110011000010101011100
101110011000010101011100
101110011000010101011100
101110011000010101011100
011110010101010100111010
011110010101010100111010
011110010101010100111010
101110011000010101011100
101110011000010101011100
101110011000010101011100
100101100110110001001010
100101100110110001001010
010110010011110100101001
010110010011110100101001
101110011000010101011100
101110011000010101011100
101110011000010101011100
101110011000010101011100
101110011000010101011100
101110011000010101011100
010110010011110100101001
010110010011110100101001
100101100110110001001010
100101100110110001001010
100101100110110001001010
100101100110110001001010
100101100110110001001010
100001111000011110000111
100001111000011110000111
100001111000011110000111
011110010101010100111010
011110010101010100111010
011110010101010100111010
011110010101010100111010
100101100110110001001010
100101100110110001001010
100101100110110001001010
011110010101010100111010
011110010101010100111010
011110010101010100111010
101110011000010101011100
101110011000010101011100
101110011000010101011100
101110011000010101011100
011110010101010100111010
011110010101010100111010
011110010101010100111010
101110011000010101011100
101110011000010101011100
101110011000010101011100
100101100110110001001010
100101100110110001001010
010110010011110100101001
010110010011110100101001
101110011000010101011100
101110011000010101011100
101110011000010101011100
101110011000010101011100
101110011000010101011100
101110011000010101011100
010110010011110100101001
010110010011110100101001
100101100110110001001010
100101100110110001001010
100101100110110001001010
100101100110110001001010
100101100110110001001010
100001111000011110000111
100001111000011110000111
100001111000011110000111
011110010101010100111010
011110010101010100111010
100101100110110001001010
100101100110110001001010
011110010101010100111010
011110010101010100111010
011110010101010100111010
011110010101010100111010
011110010101010100111010
011110010101010100111010
100101100110110001001010
100101100110110001001010
100101100110110001001010
100101100110110001001010
101110011000010101011100
101110011000010101011100
101110011000010101011100
011110010101010100111010
011110010101010100111010
011110010101010100111010
100101100110110001001010
100101100110110001001010
011011000110110001101100
011011000110110001101100
100101100110110001001010
100101100110110001001010
100101100110110001001010
100101100110110001001010
100101100110110001001010
100101100110110001001010
011110010101010100111010
011110010101010100111010
010110010011110100101001
010110010011110100101001
100101100110110001001010
100101100110110001001010
100101100110110001001010
011110010101010100111010
011110010101010100111010
011110010101010100111010
010110010011110100101001
010110010011110100101001
100101100110110001001010
100101100110110001001010
011110010101010100111010
011110010101010100111010
011110010101010100111010
011110010101010100111010
011110010101010100111010
011110010101010100111010
100101100110110001001010
100101100110110001001010
100101100110110001001010
100101100110110001001010
101110011000010101011100
101110011000010101011100
101110011000010101011100
011110010101010100111010
011110010101010100111010
011110010101010100111010
100101100110110001001010
100101100110110001001010
011011000110110001101100
011011000110110001101100
100101100110110001001010
100101100110110001001010
100101100110110001001010
100101100110110001001010
100101100110110001001010
100101100110110001001010
011110010101010100111010
011110010101010100111010
010110010011110100101001
010110010011110100101001
100101100110110001001010
100101100110110001001010
100101100110110001001010
011110010101010100111010
011110010101010100111010
011110010101010100111010
010110010011110100101001
010110010011110100101001
011110010101010100111010
011110010101010100111010
010110010011110100101001
010110010011110100101001
010110010011110100101001
100101100110110001001010
100101100110110001001010
100101100110110001001010
011110010101010100111010
011110010101010100111010
100101100110110001001010
100101100110110001001010
100101100110110001001010
100101100110110001001010
100101100110110001001010
101110011000010101011100
101110011000010101011100
101110011000010101011100
011110010101010100111010
011110010101010100111010
011110010101010100111010
011110010101010100111010
011110010101010100111010
011110010101010100111010
011110010101010100111010
011110010101010100111010
011110010101010100111010
011110010101010100111010
011110010101010100111010
011110010101010100111010
011110010101010100111010
011110010101010100111010
011110010101010100111010
011110010101010100111010
011110010101010100111010
101110011000010101011100
101110011000010101011100
101110011000010101011100
101110011000010101011100
101110011000010101011100
011110010101010100111010
011110010101010100111010
010110010011110100101001
010110010011110100101001
010110010011110100101001
100101100110110001001010
100101100110110001001010
100101100110110001001010
011110010101010100111010
011110010101010100111010
100101100110110001001010
100101100110110001001010
100101100110110001001010
100101100110110001001010
100101100110110001001010
101110011000010101011100
101110011000010101011100
101110011000010101011100
011110010101010100111010
011110010101010100111010
011110010101010100111010
011110010101010100111010
011110010101010100111010
011110010101010100111010
011110010101010100111010
011110010101010100111010
011110010101010100111010
011110010101010100111010
011110010101010100111010
011110010101010100111010
011110010101010100111010
011110010101010100111010
011110010101010100111010
011110010101010100111010
011110010101010100111010
101110011000010101011100
101110011000010101011100
101110011000010101011100
101110011000010101011100
101110011000010101011100
011110010101010100111010
011110010101010100111010
100101100110110001001010
100101100110110001001010
100101100110110001001010
011110010101010100111010
011110010101010100111010
011110010101010100111010
011110010101010100111010
011110010101010100111010
011101000101100001000100
011101000101100001000100
011110010101010100111010
011110010101010100111010
011110010101010100111010
100101100110110001001010
100101100110110001001010
100101100110110001001010
100101100110110001001010
100101100110110001001010
011110010101010100111010
011110010101010100111010
010110010011110100101001
010110010011110100101001
010110010011110100101001
101110011000010101011100
101110011000010101011100
101110011000010101011100
010110010011110100101001
010110010011110100101001
011110010101010100111010
011110010101010100111010
101110011000010101011100
101110011000010101011100
101110011000010101011100
100101100110110001001010
100101100110110001001010
100101100110110001001010
100101100110110001001010
100101100110110001001010
011110010101010100111010
011110010101010100111010
100101100110110001001010
100101100110110001001010
100101100110110001001010
011110010101010100111010
011110010101010100111010
011110010101010100111010
011110010101010100111010
011110010101010100111010
011101000101100001000100
011101000101100001000100
011110010101010100111010
011110010101010100111010
011110010101010100111010
100101100110110001001010
100101100110110001001010
100101100110110001001010
100101100110110001001010
100101100110110001001010
011110010101010100111010
011110010101010100111010
010110010011110100101001
010110010011110100101001
010110010011110100101001
101110011000010101011100
101110011000010101011100
101110011000010101011100
010110010011110100101001
010110010011110100101001
011110010101010100111010
011110010101010100111010
101110011000010101011100
101110011000010101011100
101110011000010101011100
100101100110110001001010
100101100110110001001010
100101100110110001001010
100101100110110001001010
100101100110110001001010
011110010101010100111010
011110010101010100111010
100101100110110001001010
100101100110110001001010
100101100110110001001010
011110010101010100111010
011110010101010100111010
011110010101010100111010
011110010101010100111010
011110010101010100111010
011101000101100001000100
011101000101100001000100
011110010101010100111010
011110010101010100111010
011110010101010100111010
100101100110110001001010
100101100110110001001010
100101100110110001001010
100101100110110001001010
100101100110110001001010
011110010101010100111010
011110010101010100111010
010110010011110100101001
010110010011110100101001
010110010011110100101001
101110011000010101011100
101110011000010101011100
101110011000010101011100
010110010011110100101001
010110010011110100101001
011110010101010100111010
011110010101010100111010
101110011000010101011100
101110011000010101011100
101110011000010101011100
100101100110110001001010
100101100110110001001010
100101100110110001001010
100101100110110001001010
100101100110110001001010
100101100110110001001010
100101100110110001001010
011110010101010100111010
011110010101010100111010
011110010101010100111010
010110010011110100101001
010110010011110100101001
010110010011110100101001
101110011000010101011100
101110011000010101011100
011110010101010100111010
011110010101010100111010
010110010011110100101001
010110010011110100101001
010110010011110100101001
011110010101010100111010
011110010101010100111010
011110010101010100111010
010110010011110100101001
010110010011110100101001
101110011000010101011100
101110011000010101011100
101110011000010101011100
101110011000010101011100
101110011000010101011100
011110010101010100111010
011110010101010100111010
011110010101010100111010
100101100110110001001010
100101100110110001001010
011110010101010100111010
011110010101010100111010
011110010101010100111010
011110010101010100111010
011110010101010100111010
100101100110110001001010
100101100110110001001010
100101100110110001001010
100101100110110001001010
100101100110110001001010
100101100110110001001010
100101100110110001001010
011110010101010100111010
011110010101010100111010
011110010101010100111010
010110010011110100101001
010110010011110100101001
010110010011110100101001
101110011000010101011100
101110011000010101011100
011110010101010100111010
011110010101010100111010
010110010011110100101001
010110010011110100101001
010110010011110100101001
011110010101010100111010
011110010101010100111010
011110010101010100111010
010110010011110100101001
010110010011110100101001
101110011000010101011100
101110011000010101011100
101110011000010101011100
101110011000010101011100
101110011000010101011100
011110010101010100111010
011110010101010100111010
011110010101010100111010
100101100110110001001010
100101100110110001001010
011110010101010100111010
011110010101010100111010
011110010101010100111010
011110010101010100111010
011110010101010100111010
100101100110110001001010
100101100110110001001010
100101100110110001001010
100101100110110001001010
100101100110110001001010
100101100110110001001010
100101100110110001001010
011110010101010100111010
011110010101010100111010
011110010101010100111010
010110010011110100101001
010110010011110100101001
010110010011110100101001
101110011000010101011100
101110011000010101011100
011110010101010100111010
011110010101010100111010
010110010011110100101001
010110010011110100101001
010110010011110100101001
011110010101010100111010
011110010101010100111010
011110010101010100111010
010110010011110100101001
010110010011110100101001
101110011000010101011100
101110011000010101011100
101110011000010101011100
101110011000010101011100
101110011000010101011100
011110010101010100111010
011110010101010100111010
011110010101010100111010
100101100110110001001010
100101100110110001001010
011110010101010100111010
011110010101010100111010
011110010101010100111010
011110010101010100111010
011110010101010100111010
100101100110110001001010
100101100110110001001010
100101100110110001001010
100101100110110001001010
100101100110110001001010
100101100110110001001010
100101100110110001001010
011110010101010100111010
011110010101010100111010
011110010101010100111010
101110011000010101011100
101110011000010101011100
101110011000010101011100
100101100110110001001010
100101100110110001001010
100101100110110001001010
100101100110110001001010
011110010101010100111010
011110010101010100111010
011110010101010100111010
100001111000011110000111
100001111000011110000111
100001111000011110000111
011110010101010100111010
011110010101010100111010
100101100110110001001010
100101100110110001001010
100101100110110001001010
100101100110110001001010
100101100110110001001010
011110010101010100111010
011110010101010100111010
011110010101010100111010
011110010101010100111010
011110010101010100111010
100101100110110001001010
100101100110110001001010
100101100110110001001010
100101100110110001001010
100101100110110001001010
011110010101010100111010
011110010101010100111010
011110010101010100111010
010110010011110100101001
010110010011110100101001
100101100110110001001010
100101100110110001001010
011110010101010100111010
011110010101010100111010
011110010101010100111010
101110011000010101011100
101110011000010101011100
101110011000010101011100
100101100110110001001010
100101100110110001001010
100101100110110001001010
100101100110110001001010
011110010101010100111010
011110010101010100111010
011110010101010100111010
100001111000011110000111
100001111000011110000111
100001111000011110000111
011110010101010100111010
011110010101010100111010
100101100110110001001010
100101100110110001001010
100101100110110001001010
100101100110110001001010
100101100110110001001010
011110010101010100111010
011110010101010100111010
011110010101010100111010
011110010101010100111010
011110010101010100111010
100101100110110001001010
100101100110110001001010
100101100110110001001010
100101100110110001001010
100101100110110001001010
011110010101010100111010
011110010101010100111010
011110010101010100111010
010110010011110100101001
010110010011110100101001
