010001100011111000110010
010000010011101100101111
010000010011101100101111
010000010011101100101111
010000010011101100101111
010000010011101100101111
010000010011101100101111
010000010011101100101111
010001100011111000110010
010001100011111000110010
010001100011111000110010
010001010011110100110001
010001010011110100110001
010000010011101100101111
010001100011111000110010
010001100011111000110010
010001100011111000110010
010001100011111000110010
010001100011111000110010
010001100011111000110010
010001100011111000110010
010001100011111000110010
010001100011111000110010
010001100011111000110010
001100110010111000100101
001100110010111000100101
010001100011111000110010
101010110111100100101101
101010110111100100101101
101001000111001000100111
101001000111001000100111
101001110110111000011111
101001000111001000100111
101001000111001000100111
101001000111001000100111
101001000111001000100111
100011110110100100011101
100011110110100100011101
100011110110100100011101
100011110110100100011101
100011110110100100011101
100011110110100100011101
100011110110100100011101
100011110110100100011101
101001000111001000100111
100011110110100100011101
100011110110100100011101
101001000111001000100111
101001000111001000100111
101010110111100100101101
001010000010010000011101
001010000010010000011101
010001100011111000110010
101010110111100100101101
101010110111100100101101
101001000111001000100111
101001000111001000100111
101001110110111000011111
101001000111001000100111
101001000111001000100111
101001000111001000100111
101001000111001000100111
100011110110100100011101
100011110110100100011101
100011110110100100011101
100011110110100100011101
100011110110100100011101
100011110110100100011101
100011110110100100011101
100011110110100100011101
101001000111001000100111
100011110110100100011101
100011110110100100011101
101001000111001000100111
101001000111001000100111
101010110111100100101101
001010000010010000011101
001010000010010000011101
010001100011111000110010
101010110111100100101101
101010110111100100101101
100011110110100100011101
100011110110100100011101
100011110110100100011101
100011110110100100011101
100011110110100100011101
100011110110100100011101
100011110110100100011101
101001000111001000100111
100001010101110000011111
100001010101110000011111
100010110110001000100100
101010110111100100101101
101010110111100100101101
101010110111100100101101
101010110111100100101101
101001000111001000100111
101001110110111000011111
101001110110111000011111
101010110111100100101101
101010110111100100101101
101010110111100100101101
001010000010010000011101
001010000010010000011101
010001100011111000110010
101010110111100100101101
101010110111100100101101
100011110110100100011101
100011110110100100011101
100011110110100100011101
100011110110100100011101
100011110110100100011101
100011110110100100011101
100011110110100100011101
101001000111001000100111
100001010101110000011111
100001010101110000011111
100010110110001000100100
101010110111100100101101
101010110111100100101101
101010110111100100101101
101010110111100100101101
101001000111001000100111
101001110110111000011111
101001110110111000011111
101010110111100100101101
101010110111100100101101
101010110111100100101101
001010000010010000011101
001010000010010000011101
010001000011110000110000
101000100110101100100011
101000100110101100100011
101000100110101100100011
101000100110101100100011
101001110110111000011111
101001110110111000011111
101001110110111000011111
101001110110111000011111
101001110110111000011111
100010000101100100011001
110011011100110111001101
110011011100110111001101
101001011010010110100101
100010000101100100011001
100010000101100100011001
101000100110101100100011
101000100110101100100011
101000100110101100100011
101000100110101100100011
101000100110101100100011
101000100110101100100011
101000100110101100100011
101001110110111000011111
001010100010010100011101
001010100010010100011101
010001100011111000110010
011111110101111100100010
011111110101111100100010
011111110101111100100010
011111110101111100100010
011111110101111100100010
011111110101111100100010
011111110101111100100010
100101010110110000101110
100101010110110000101110
011110010101100000100101
110000101100001011000010
110000101100001011000010
100001101000011010000110
010101000011111000010110
010101000011111000010110
011111110101111100100010
011111110101111100100010
100100100110001100100011
100100000110011000101010
100100000110011000101010
100100000110011000101010
100100000110011000101010
100100000110011000101010
001010110010011000011111
001010110010011000011111
010001100011111000110010
011111110101111100100010
011111110101111100100010
011111110101111100100010
011111110101111100100010
011111110101111100100010
011111110101111100100010
011111110101111100100010
100101010110110000101110
100101010110110000101110
011110010101100000100101
110000101100001011000010
110000101100001011000010
100001101000011010000110
010101000011111000010110
010101000011111000010110
011111110101111100100010
011111110101111100100010
100100100110001100100011
100100000110011000101010
100100000110011000101010
100100000110011000101010
100100000110011000101010
100100000110011000101010
001010110010011000011111
001010110010011000011111
010000010011101100101111
001100110010111000100101
001100110010111000100101
001101100010111100100101
001101100010111100100101
001101100011000000100110
001101100011000000100110
001101100011000000100110
001101100011000000100110
001101100011000000100110
001011000010011100011111
101001011010010110100101
101001011010010110100101
011101100111011001110110
001011000010011100011110
001011000010011100011110
001101100011000000100110
001101100011000000100110
001101100011000000100110
001100110010111000100101
001100110010111000100101
001100110010111000100101
001100110010111000100101
001100110010111000100101
000111110001110000010111
000111110001110000010111
010000010011101100101111
001100110010111000100101
001100110010111000100101
001101100010111100100101
001101100010111100100101
001101100011000000100110
001101100011000000100110
001101100011000000100110
001101100011000000100110
001101100011000000100110
001011000010011100011111
101001011010010110100101
101001011010010110100101
011101100111011001110110
001011000010011100011110
001011000010011100011110
001101100011000000100110
001101100011000000100110
001101100011000000100110
001100110010111000100101
001100110010111000100101
001100110010111000100101
001100110010111000100101
001100110010111000100101
000111110001110000010111
000111110001110000010111
010001100011111000110010
011101110101101000110000
011101110101101000110000
011101110101101000110000
011101110101101000110000
011100110101011000101110
011101110101101000110000
011101110101101000110000
011101110101101000110000
011101110101101000110000
011000010100100100100111
100100011001000110010001
100100011001000110010001
011101100111011001110110
010001010011010100011010
010001010011010100011010
011101010101010000101001
011101010101010000101001
011101110101101000110000
011101110101101000110000
011101110101101000110000
011101110101101000110000
011101110101101000110000
011101110101101000110000
001010110010011000011111
001010110010011000011111
010001010011110000101111
100100100110001100100011
100100100110001100100011
100011100110000100100110
100011100110000100100110
100011100110000100100110
100011100110000100100110
100011100110000100100110
100011100110000100100110
100011100110000100100110
011100110100111100011110
011000010100000100010110
011000010100000100010110
011000010100000100010110
011101110101000000011100
011101110101000000011100
100011100110000100100110
100011100110000100100110
100011100110000100100110
100011100110000100100110
100011100110000100100110
100011100110000100100110
100011100110000100100110
100000100101101100100110
001010100010010100011101
001010100010010100011101
010001010011110000101111
100100100110001100100011
100100100110001100100011
100011100110000100100110
100011100110000100100110
100011100110000100100110
100011100110000100100110
100011100110000100100110
100011100110000100100110
100011100110000100100110
011100110100111100011110
011000010100000100010110
011000010100000100010110
011000010100000100010110
011101110101000000011100
011101110101000000011100
100011100110000100100110
100011100110000100100110
100011100110000100100110
100011100110000100100110
100011100110000100100110
100011100110000100100110
100011100110000100100110
100000100101101100100110
001010100010010100011101
001010100010010100011101
010001100011111000110010
101010110111100100101101
101010110111100100101101
101010110111100100101101
101010110111100100101101
101010110111100100101101
101010110111100100101101
101010110111100100101101
101001110110111000011111
101001110110111000011111
100011110110100100011101
101010110111100100101101
101010110111100100101101
101010110111100100101101
101001000111001000100111
101001000111001000100111
101001000111001000100111
101001000111001000100111
101001000111001000100111
101010110111100100101101
101010110111100100101101
101010110111100100101101
101010110111100100101101
100101010110110000101110
001010000010010000011101
001010000010010000011101
010000010011101100101111
100011110110100100011101
100011110110100100011101
100011110110100100011101
100011110110100100011101
100011110110100100011101
100011110110100100011101
100011110110100100011101
101010110111100100101101
101010110111100100101101
101001000111001000100111
101001000111001000100111
101001000111001000100111
100011110110100100011101
100011110110100100011101
100011110110100100011101
100011110110100100011101
100011110110100100011101
101001110110111000011111
101010110111100100101101
101010110111100100101101
100011110110100100011101
100011110110100100011101
011111110101111100100010
001010000010010000011101
001010000010010000011101
010000010011101100101111
100011110110100100011101
100011110110100100011101
100011110110100100011101
100011110110100100011101
100011110110100100011101
100011110110100100011101
100011110110100100011101
101010110111100100101101
101010110111100100101101
101001000111001000100111
101001000111001000100111
101001000111001000100111
100011110110100100011101
100011110110100100011101
100011110110100100011101
100011110110100100011101
100011110110100100011101
101001110110111000011111
101010110111100100101101
101010110111100100101101
100011110110100100011101
100011110110100100011101
011111110101111100100010
001010000010010000011101
001010000010010000011101
010001100011111000110010
101001000111001000100111
101001000111001000100111
101001000111001000100111
101001000111001000100111
101001000111001000100111
101010110111100100101101
101010110111100100101101
101010110111100100101101
101010110111100100101101
100011110110100100011101
100011110110100100011101
100011110110100100011101
100011110110100100011101
100011110110100100011101
100011110110100100011101
101001000111001000100111
101001000111001000100111
101001000111001000100111
101001000111001000100111
101001000111001000100111
101001000111001000100111
101001000111001000100111
100100000110011000101010
001010000010010000011101
001010000010010000011101
010001100011111000110010
101001000111001000100111
101001000111001000100111
101001000111001000100111
101001000111001000100111
101001000111001000100111
101010110111100100101101
101010110111100100101101
101010110111100100101101
101010110111100100101101
100011110110100100011101
100011110110100100011101
100011110110100100011101
100011110110100100011101
100011110110100100011101
100011110110100100011101
101001000111001000100111
101001000111001000100111
101001000111001000100111
101001000111001000100111
101001000111001000100111
101001000111001000100111
101001000111001000100111
100100000110011000101010
001010000010010000011101
001010000010010000011101
010001010011110000101111
101000100110101100100011
101000100110101100100011
101001110110111000011111
101001110110111000011111
101001110110111000011111
101000100110101100100011
101000100110101100100011
101000100110101100100011
101000100110101100100011
101000100110101100100011
101001110110111000011111
101001110110111000011111
101001110110111000011111
101001110110111000011111
101001110110111000011111
101001110110111000011111
101001110110111000011111
101001110110111000011111
101000100110101100100011
101000100110101100100011
101000100110101100100011
101000100110101100100011
100011100110000100100110
001010100010010100011101
001010100010010100011101
010001100011111000110010
101010110111100100101101
101010110111100100101101
101010110111100100101101
101010110111100100101101
101010110111100100101101
101010110111100100101101
101010110111100100101101
100011110110100100011101
100011110110100100011101
101010110111100100101101
100011110110100100011101
100011110110100100011101
100011110110100100011101
100011110110100100011101
100011110110100100011101
100011110110100100011101
100011110110100100011101
100011110110100100011101
101001000111001000100111
101001000111001000100111
101001110110111000011111
101001110110111000011111
100101010110110000101110
001010110010011000011111
001010110010011000011111
010001100011111000110010
101010110111100100101101
101010110111100100101101
101010110111100100101101
101010110111100100101101
101010110111100100101101
101010110111100100101101
101010110111100100101101
100011110110100100011101
100011110110100100011101
101010110111100100101101
100011110110100100011101
100011110110100100011101
100011110110100100011101
100011110110100100011101
100011110110100100011101
100011110110100100011101
100011110110100100011101
100011110110100100011101
101001000111001000100111
101001000111001000100111
101001110110111000011111
101001110110111000011111
100101010110110000101110
001010110010011000011111
001010110010011000011111
010001010011110100110001
100011110110100100011101
100011110110100100011101
101001110110111000011111
101001110110111000011111
101010110111100100101101
101010110111100100101101
101010110111100100101101
101010110111100100101101
101010110111100100101101
101010110111100100101101
100011110110100100011101
100011110110100100011101
101010110111100100101101
101001000111001000100111
101001000111001000100111
101001000111001000100111
101001000111001000100111
100011110110100100011101
100011110110100100011101
100011110110100100011101
100011110110100100011101
100011110110100100011101
011111110101111100100010
001010100010011000011110
001010100010011000011110
010001010011110100110001
100011110110100100011101
100011110110100100011101
101001110110111000011111
101001110110111000011111
101010110111100100101101
101010110111100100101101
101010110111100100101101
101010110111100100101101
101010110111100100101101
101010110111100100101101
100011110110100100011101
100011110110100100011101
101010110111100100101101
101001000111001000100111
101001000111001000100111
101001000111001000100111
101001000111001000100111
100011110110100100011101
100011110110100100011101
100011110110100100011101
100011110110100100011101
100011110110100100011101
011111110101111100100010
001010100010011000011110
001010100010011000011110
010001100011111000110010
100101010110110000101110
100101010110110000101110
011111110101111100100010
011111110101111100100010
011111110101111100100010
011111110101111100100010
011111110101111100100010
100101010110110000101110
100101010110110000101110
100101010110110000101110
011111110101111100100010
011111110101111100100010
100101010110110000101110
100101010110110000101110
100101010110110000101110
011111110101111100100010
011111110101111100100010
100100000110011000101010
100101010110110000101110
100101010110110000101110
100101010110110000101110
100101010110110000101110
100001000110001000101111
001010110010011000011111
001010110010011000011111
001010100010010100011101
001010100010010100011101
001010100010010100011101
001010100010010100011101
001010100010010100011101
001011000010010100011101
001010100010010100011110
001010100010010100011110
001010100010010100011110
001010100010010100011110
001011000010010100011101
001010100010010100011110
001010100010010100011110
001010100010010100011101
001010100010010100011101
001010100010010100011101
001010100010010100011101
001010100010010100011101
001010100010010100011110
001001110010001100011110
001001110010001100011110
001010100010010100011110
001010100010010100011110
001010100010010100011110
001000010001110100010111
001000010001110100010111
001010100010010100011101
001010100010010100011101
001010100010010100011101
001010100010010100011101
001010100010010100011101
001011000010010100011101
001010100010010100011110
001010100010010100011110
001010100010010100011110
001010100010010100011110
001011000010010100011101
001010100010010100011110
001010100010010100011110
001010100010010100011101
001010100010010100011101
001010100010010100011101
001010100010010100011101
001010100010010100011101
001010100010010100011110
001001110010001100011110
001001110010001100011110
001010100010010100011110
001010100010010100011110
001010100010010100011110
001000010001110100010111
001000010001110100010111
