000011010000101000000110
011110110110011000111100
101000011000011001001101
100111001000001001001011
100111111000010001001101
101000101000011101001110
101000101000011101001110
100011000111010101000011
000100010000111000001010
010000000010111000011101
110101111000111001011010
010101010010101100011000
010110110010111000011100
010011110010011000010101
101001010110101001000001
110100001000100101010110
001110100010100000011010
011000010100111100110100
110001101010000001100111
101111011001100101100011
101111101001100101100011
101111001001100001100010
101111001001100001100010
110011111010011101101100
000011100000110000000110
000110000001001100001011
000010110000100100000101
100011010111001001001000
101110111001100001100000
101100101001000001011001
100110010111101101001011
011101110110001000111010
100101110111101001001011
101011101000110001010110
100100000111001101001000
100001000110100001000001
010000100011001000011101
010110010010110000011010
010110000010110100011010
010110000010101100011001
010011010011001100011110
010001010011000100011110
011101000101111000110111
100110010111110101001100
101110101001010101011110
101011101000110101010111
101001111000100101010011
101101111001001001011100
101101111001001101011101
110011111010100001101100
000011100000110000000110
000110000001001100001011
000010100000100000000100
100100110111011101001100
110000111001111001100110
101110111001010101011110
100101100111011101001010
011001000101001000110010
100101000111011101001011
101111101001100001100000
101111111001100001011111
100110100111101101001101
000000000000011000000001
010111100010110100011011
010111000010110100011010
011000000010111000011011
001001100001100100001100
000001010000011100000010
100000110110111000111110
101011001000110001010100
101101101001000101011011
101010111000101101010100
101000101000011001001110
101101001000111101011001
101101001001000001011010
110100001010100001101101
000011100000110000000110
000110000001001100001011
000010100000100000000100
100101100111100101001110
110010011010001001101001
101010111000110101010100
101000001000010001001110
100110101000000101001011
100100100111000101000010
100011010110011100111100
101010001000110001010010
101001001000011001010000
101001011000010101010011
001011110010000000010011
001100110010010100010101
001011010001111100010011
100001110110110001000110
101001001000010101010101
101110011001011001011111
101111011001100001100000
101111111001100001011111
100111000111111001001110
100001010110110101000010
110010001010000101101000
110000101001110001100100
110100111010101101101110
000011100000110000000110
000110000001001100001011
000011100000101100000110
011101110110000000111100
100111010111111101010000
100010100111000101000011
100000010110101000111110
011110110110011000111100
011011110101011000110010
011010000100110100101100
100011100111011001000110
100011100111010101000101
101010101000100101010101
000110110001011100001101
001000010001110000010000
000110010001010100001101
100000010110100001000010
101001111000011101010101
100011010111001001001001
011111110110010100111111
011101110101111000110111
011000110100111000101101
010101000100001100100110
011111100110010100111101
100000010110100001000000
101011101000110101011010
000100000000110100000111
000110000001001100001011
000100100000111000001000
010011100011111000100101
011000100100111000101111
011000110100111000110000
010100110100001000101000
001111100011001100011111
010000000011010000011111
010001100011101000100010
011011110101101100110111
011010110101011100110100
011101000101111100111001
000100100001000000001000
000110000001001100001011
000100000000110100000111
010101110100011000101010
011100100101111000111000
010000100011011000100001
001010110010000100010001
000111000001010000000100
000111100001011000000101
000111100001010100000101
000110110001001100000011
001011010010001000001111
011111110110100100111111
000100100000111100001000
000110000001001100001011
000011110000110000000111
011010010101010100110011
100010000110111101000001
100001100110111001000001
011101110101111000110110
011000100100011100101001
011010110101010000110001
011110010110010000111011
100110110111110101001111
100101110111101101001101
101001011000011001010100
000110000001010100001011
000111110001101000001110
000110110001010100001110
011011110101101100110110
100100000111011101000110
011010100101000000101111
010001100011001100011010
001000010001100100000111
001110110010111000010111
010010110011101000100000
001000100001100100000111
001101100010100100010011
100000110110100101000010
000100100000111100001000
000110000001001100001011
000011010000101000000110
100000000110100100111110
101010001000101101010001
101000001000010101001110
100010110110110000111101
011011110100101100101000
100011010110110100111110
101011011000111101010101
110000011001110001100101
101111111001101001100011
110100101010101001101110
000111000001100100001101
001001000001111100010001
001001000001110000010010
100001100110111001000001
101010111000111101010100
100011110110011100111010
010110100011111100100000
000111100001011000000101
010010110011101100100001
011001100101000000110001
001000000001011100000110
001101010010100100010010
011111100110010101000000
000100110000111100001001
000110000001001100001011
000011010000101000000110
011111010110011100111100
101001111000101101010000
011110100110010100111100
010010000011101000100000
000100010000110000000000
011010100101010000110001
101111011001011101011111
101100101000111001011000
101101001001000001011010
110011101010011101101100
000111000001100000001101
001001000001111000010001
000111110001100100001111
100100110111010101001001
101111101001100101100001
101010010111011001000100
011001100100010100100010
000110100001001100000001
000111100001010100000010
000111000001001100000001
001000010001011100000100
001011110010001100001101
011011110101110100110110
000101000000111100001010
000110000001001100001011
000011000000100100000101
100000010110101001000000
101011001000111001010100
100011000111001101000111
010110000100011100101000
000110000001000100000010
011011100101011100110011
101111101001100001100000
101101011001000101011011
101101101001001001011100
110011101010011001101100
000111000001100000001101
001001000001111000010001
000111100001100100001110
100011100111001001000110
101110001001011001011101
100101000110100100111011
011011000101000000110010
010001010011111100110010
010010010100000100110001
010010000100000000110000
010000000011100000101010
010010010011111100101100
011100100101110100110110
000101000000111100001001
000110000001001100001011
000010100000100000000100
100110110111110001010000
110011011010010101101100
110100111010101101101111
100000110110100101000001
000101000000111000000000
011101110101111100111010
110011111010100001101101
110001101010000001101000
110001101010000001101000
110101111010111001110001
000111010001101000001101
001001100010000000010010
000111000001100000001101
100000110110110100111110
101011101001000101010100
010010010011110000011110
100001000111111101110101
111011011110111111110010
111001101110011111101001
111000111110010011100110
110000001100001011000101
101101001011000010101011
100000010110010000111011
000101000001000000001000
000110000001001100001011
000100000000110100000111
010110010100100100101100
011100100101111000111000
011010100101010100110100
010010010011101000011111
000111100001011000000101
010001100011011000011101
011010000101001100110010
011000110100111100110000
011000110100111100110000
011011010101011100110100
000101000001000000001010
000110010001010000001100
000100100000111000001000
010110110100100100101101
011101000101111100111010
011000110100110100101001
101011001010000010001101
111111111111111111111111
111011101110111011101110
110100011101000111010001
101101001011010110110101
101000001001110010011001
001111110011000100010110
000101010001000100001010
000110000001001100001011
000100010000110100001000
010101010100011000101010
011011010101101000110101
011001000101000000110001
010001100011011100011101
000111110001011000000101
010001000011001000010110
011001000100110000101000
011001110101001000110001
011001010101000100110001
011010100101010000110011
000100110000111100001001
000110000001001100001011
000100000000110100000111
010101100100011000101010
011011100101101100110110
010110100100010100100100
101011101010001110010100
111111111111111111111111
111101101111011111111001
110100011101000111010001
101101001011010110110110
100111111001110010011001
001111000010111000010100
000101010001000100001010
000110000001001100001011
000010100000100000000100
100110110111110001010000
110011011010011001101100
110011111010010101100111
011110010101111000110011
000001010000000000000000
011011010110101001100010
101111011011111010111100
011011000101010100101100
011111010110011100111101
101101011001011101010111
001010000010000000010101
001011100010010100011000
001000110001110000010010
100110100111101101001101
110000101001101101100001
110000101001101101100001
100100110111001001000011
010100100011100000010010
100110101000110101111010
110101111101100011011010
101100111011010010110101
101010101010010110011111
100000010110010000111100
000101000001000000001000
000110000001001100001011
000011000000100100000101
100000110110101101000001
101010101000101001001110
101101011010011110010001
101100101010110110100100
101010011010011110100010
101100101011001010110000
101011011010101110100111
011011000101001100101111
011111110110011101000000
110000111001110101100000
001000110001110000010001
001010110010001000010101
000111000001011100001101
100001010110110101000000
101010001000101001010010
101001111000100101010001
100011100111010001000110
011001100101000000101011
101101011010101110011000
111101001111011011111000
101100011011000110110010
101001101010001010011100
011010010101001100101011
000101000000111100001001
000110000001001100001011
000011010000101000000110
011110110110011000111100
100111101000000101000011
101100111011000010101010
110100001101001111011010
111011001110111111110011
110100001101001011010101
101010101010100010100011
011011000101001100110000
100000010110100001000010
110011001010001101100110
001000110001110000010000
001010110010010000010101
000110100001011000001100
100000000110101000111101
101000101000011101001110
100111111000010001001100
100001110111000001000001
011000010100110000101000
101110101011000110011110
111111111111111111111111
101100001011000010110001
101001011010000110011100
011000100100111100100110
000101000000111100001010
000110000001001100001011
000010110000100100000101
100011010111000101000110
101111101001100001011100
100001110111000101010010
011111100110101101010010
100000010110110101010001
101000011001100010001101
101101011011010010110010
011100000101011000110010
100000010110100001000001
101110011001100101011010
000110000001000100001000
000111110001011000001100
000111000001100000001101
100000110110110000111110
101001001000100101001111
101100011000111101010111
101100001000110101011000
101001101000001001001100
110010111011101010100001
111001011110100011101011
101100101011001110110100
101010001010001110011101
011100110101100100110000
000100110000111100001001
000110000001001100001011
000011100000101100000110
011101010101110100111010
100110110111110001001101
011101100101111000111001
011011010101011000110011
011011010101010100101111
011110010110101101010101
011111100111100001101110
010110010100010100101000
011001100101001000110011
100101110111110001001001
000100000000101100000101
000101100000111100001000
000110000001010100001100
011100010101110100110111
100011100111011001000101
100101100111100101001010
100110010111101101001100
100110100111101001001001
100100001000000001100101
100011101000110110001010
101111001011110110111110
101001001010000010011100
010110110100010100100100
000101000001000000001001
000110000001001100001011
000100100000111000001000
010011010011111000100100
011000000100110100101110
011010110101100000110101
011011110101110000110111
011100110101111100111010
010100000100000000100100
001011110010001100010000
001101100010101100011001
001111110011001000011101
011011100101011100110101
000010000000011100000100
000011010000101100000110
000100110000111100001001
010110010100011100101100
011100000101101100111000
011011000101100000110101
011010110101100000110101
011100000101101100110111
001111010011000100011001
001001010010000100010111
110000101100001111000101
100110101001100010010101
001101000010011000001111
000101100001001000001010
000110000001001100001011
000011100000101100000110
011101000101110100111010
100101110111100101001101
100110010111110001001111
100100110111001101000110
100010110110011100111010
100001010110011100111110
011110110110010000111111
011011000101100100110011
011101010110000000111001
101001001000010001010100
000011110000101000000100
000101010000111100001000
000110000001010000001011
011011100101101000110101
100011000111001101000100
100010000111000001000010
100010000111000001000010
100010110111001101000100
011100010101011000110000
011011100101010000111011
111011011111000111110110
110001011100001010111110
010101110100000100100010
000101010001000100001001
000110000001001100001011
000010110000100000000100
100100110111011101001100
110001001001111101100101
101110001001011001100001
101011111000010101010000
101001000111000000111011
101101011000101001010011
110000011001110101100101
101001011000100101010000
101011001000111001010101
110101011010110001110000
000101100000111100000110
000111010001010000001010
000111010001100100001110
100001010110111001000000
101010001000101101010010
101001001000100001010000
101000111000011101001111
101000011000011101001110
100111110111100001000011
101010100111111101010100
111110101111110111111101
110110011101001011001000
011101100101101100110100
000101000001000000001000
000110000001001100001011
000011010000101000000110
011110110110010100111011
101001001000100101001110
011100010101111000111000
100000100110000100111001
101001110111001000111101
101100011000011001010001
101111101001101101100101
101111101001100101100100
101111101001100101100011
110011011010011001101011
000111000001100100001101
001001010001111100010001
001000100001101100010010
100101000111011001001010
101110101001010001011101
101101111001001001011100
101011001000110001010100
100111001000001001001011
101000001000011001001110
100100110111101101000101
010010100011100100010110
010101000100001000011110
011001110101010100110001
000101000000111100001001
000110000001001100001011
000011000000100100000101
100000010110101001000000
101011011000111101010101
100000010110101101000000
100010000110011100111100
100111000110101100111010
101010011000000101001101
101110001001011101100000
101111001001100001100010
101111001001100001100010
110011011010011001101011
000111000001100000001101
001001000001111000010000
001000010001101000010001
100100110111011001001010
101110111001011001011110
101100011000111001011000
101010101000101001010011
101000101000010101001110
101001001000011101010000
100111101000001001001101
011011110101101100110111
011100110101111100111001
011111110110100000111111
000100100000111000001000
000110000001001100001011
000010100000100000000100
100110100111110001010000
110100001010011101101110
101011111001001001010111
100100110111001001000000
011101000100111000101010
100011010110110100111101
101010011000110101010011
110010001010001001101001
110001011001111101100111
110101011010110001101111
000111010001101000001101
001001010010000000010001
001000110001110000010010
100111111000000001010100
110011011010010101101100
101001111000101101010010
101011011000110101010101
101111111001100001100000
110001011001111001100101
110011001010010101101011
110011101010011001101100
110011101010011001101100
111000011011011001110110
000011110000110000000110
000101110001001000001011
000100110000111100001001
010110100100100100101100
011100010101110100111000
011011110101101100110111
011101010101111000111010
011111010110001100111111
011100010101100100111000
011001000100111100110000
011000110100111100101111
011010000101001100110010
100001010110100101000010
000100010000111000000111
000101110001001000001011
000100100000111000001000
010110100100100000101100
011100010101110100111000
011100000101101100110111
011010100101010100110100
011001010101000000110000
010101000100001100101001
010001110011100100100011
011001100101000100110001
011000110100111100110000
011011010101011100110100
000101010001000100001010
000110100001010100001100
000100110000111100001001
010111010100101100101110
011101010110000000111010
011100100101110100111000
011101100101111100111010
011111010110001100111111
011100100101101000111001
011001110101001000110010
011001110101001100110010
011011000101011000110101
100010010110110001000100
000100100000111100001000
000110000001001100001011
000100110000111100001001
010111010100101100101110
011101010110000000111010
011100110101111000111001
011011010101100000110101
011010010101010000110011
010110010100100000101100
010011010011111000100110
011010110101010100110011
011010000101001100110010
011100010101101000110111
000101100001000100001010
000110100001010100001100
