000000001111111111111111
000000001111111111111111
000000001111111111111111
000000001111111111111111
000000001111111111111111
000000001111111111111111
000000001111111111111111
000000001111111111111111
000000001111111111111111
000011000010110100100110
000011000011010100101110
000011000011011100110000
000011000011011100110000
000011000011011100110000
000011000011011100110000
000011000011010100101110
000011000010110100100110
000000001111111111111111
000000001111111111111111
000000001111111111111111
000000001111111111111111
000000001111111111111111
000000001111111111111111
000000001111111111111111
000000001111111111111111
000000001111111111111111
000000001111111111111111
000000001111111111111111
000000001111111111111111
000000001111111111111111
000000001111111111111111
000000001111111111111111
000000001111111111111111
000000001111111111111111
000000001111111111111111
000000000001111000010111
000000000010010100011101
000000000010011100011111
000000000010011100011111
000000000010011100011111
000000000010011100011111
000000000010010100011101
000000000001111000010111
000000001111111111111111
000000001111111111111111
000000001111111111111111
000000001111111111111111
000000001111111111111111
000000001111111111111111
000000001111111111111111
000000001111111111111111
000000001111111111111111
000000001111111111111111
000000001111111111111111
000000001111111111111111
000000001111111111111111
000000001111111111111111
000000001111111111111111
000000011101110011011011
000001100110110001100111
000000000111000001101011
101101101011111010111100
101100001011110110111011
101011111011110110111010
101011111011110110111010
101011111011110110111010
101011111011110110111010
101100001011110110111011
101101101011111010111100
000000000110100101100100
000000111011100110110110
000000001111111111111111
000000001111111111111111
000000001111111111111111
000000001111111111111111
000000001111111111111111
000000001111111111111111
000000001111111111111111
000000001111111111111111
000000001111111111111111
000000001111111111111111
000000001111111111111111
000000001111111111111111
000000001111111111111111
000000001100101111001001
000000100001010000001100
000000000000111000000101
111111111111111111111111
111111111111111111111111
111111111111111111111111
111111111111111111111111
111111111111111111111111
111111111111111111111111
111111111111111111111111
111111111111111111111111
000000000000010000000000
000001011001001110001111
000000001111111111111111
000000001111111111111111
000000001111111111111111
000000001111111111111111
000000001111111111111111
000000001111111111111111
000000001111111111111111
000000001111111111111111
000000001111111111111111
000000001111111111111111
000000001111111111111111
000000001111111111111111
000001000001111100011000
010100110101111001011000
111111111111111111111111
111111111111111111111111
100101011111011011100100
100101101111010011100100
100101111111010011100100
100101111111010011100100
100101001111010011100011
101011001111011111101001
110100001111100111110010
110100111111101111110101
001000111111010011001111
001000101000100101110110
000010110001001000001011
000011010010011100100000
000000001111111111111111
000000001111111111111111
000000001111111111111111
000000001111111111111111
000000001111111111111111
000000001111111111111111
000000001111111111111111
000000001111111111111111
000000001111111111111111
000000001111111111111111
000000000010011100011111
001111000101101101010101
111111111111111111111111
111111111111111111111111
100111101111011011100101
101000011111010111100110
101000101111011011100111
101000101111011011100111
100101111111010011100100
101101011111100011101011
111000011111101111110111
111000111111110011111000
000111001101111110111101
000111101000101001111000
000010010010100100100011
000011000011110000110101
000000001111111111111111
000000001111111111111111
000000001111111111111111
000000001111111111111111
000000001111111111111111
000000001111111111111111
000000001111111111111111
000000011110010011100011
000010010101110001010110
000000000110000101011011
101110101100010111000011
110010101101100011010110
111000001111111111111010
111001001111101111111000
100111011111010111100101
101000001111010111100110
101000011111010111100110
100110011111010111100100
111101101111111011111100
101101001111011111101011
011000101110111111010111
011011011111000011011010
010000001111001011010011
001010001001000110000000
000010000010011000100000
000010110011101000110011
000000001111111111111111
000000001111111111111111
000000001111111111111111
000000001111111111111111
000000001111111111111111
000000001111111111111111
000000001111111111111111
000000101101101011011000
000011010001110000010100
000000000001100100010001
111111111111111111111111
111111001111111111111111
110010011111100111110001
110100011111101011110011
101001001111010111100111
101000111111011011100111
101000101111011011100111
100110011111010111100100
111111111111111111111111
101101011111011111101011
001111011110101111001101
010010101110110111010001
010011001111011111011001
001011011001100010000101
000010010010111000100111
000011010100001100111100
000000001111111111111111
000000001111110011111100
000000001111111111111111
000000001111111111111111
000000001111111111111111
000000001111111111111111
000000001111111111111111
000000101101110011011010
000011010010010000011100
000000000010000100011001
111111001111101011111010
111010011111111111111100
100101001111010011100011
100100011111010011100010
111111111111111111111111
111110001111111011111101
110100101111101011110011
110101101111101011110100
110010111111100111110001
110101001111101011110011
111000001111101111110110
111001011111101111111000
001110111110110011001110
001111101110110011001110
001100101110111011001101
001100111110001111000100
000010100000000100000000
000001011001110010011001
000000001111111111111111
000000001111111111111111
000000001111111111111111
000000001111111111111111
000000001111111111111111
000000001110010111100100
000000000001000100001000
000000000000111000000101
111111111111100011111010
111011101111111111111101
100100011111010011100010
100011101111010011100001
111111111111111111111111
111110011111111011111101
110100111111101011110011
110101111111101011110100
110101111111101011110100
110101111111101011110100
110110001111101011110100
110111101111101111110110
001111111111010011010101
001111011110011111001001
001011001101101010111011
001011011101010010110111
000010000001011100010010
000001001010011010100011
000000001111111111111111
000000001111111111111111
000000001111111111111111
000000001111111111111111
000000110110100001100100
001011110110111101101010
111001011110010111100100
110101011101011011010110
101100111111011111101011
110000101111101011101111
111100111111110111111100
111101111111111011111100
100111101111011011100111
100111011111010111100110
100101111111010011100100
100110001111010111100101
100110001111010111100101
100110001111010111100101
100110011111010111100101
100111011111100011101000
000110001001100010000010
001101011100011010101101
010001111111000011010011
010000111110010011001000
000001010001001000001101
000001001010011110100100
000000001111111111111111
000000001111111111111111
000000001111111111111111
000000001111111111111111
000000110100000000111010
001110010101001001001100
111111111111111111111111
111111111111111111111111
100111111111011011100111
101101011111100011101011
111111111111111111111111
111111111111111111111111
100000111111001111100000
100010001111001111100001
100010011111001111100001
100010011111001111100001
100010011111001111100001
100010011111001111100001
100010101111010011100010
100011101111100011100101
000011111000000101101110
001100111011111010100110
010011101111010111011000
010010001110011111001100
000010100010110100100101
000001111010001010011101
000000001111000111110001
000000011110101111101010
000000001111111111111111
000000001111111111111111
000000110100010100111111
001101110101010101001111
111111111111111111111111
111111111111111111111111
101000101111011011100111
101010101111011011101001
110100001111100111110010
110101001111101011110011
100010001111001111100001
100010111111010011100001
100011001111010011100010
100011001111010011100010
100011001111010011100010
100011001111010011100010
100011001111010011100010
100100001111100011100110
000100001000010001110000
001100111011111110100111
010011011111001011010110
010010101110111011010010
001100111111010011010010
000111010111110001101001
000010110001010000001110
000011000011101000110100
000000001111111111111111
000000001111111111111111
000000110100010100111111
001101110101010101001111
111111111111111111111111
111111111111111111111111
100111101111010111100110
101011011111011111101011
111001101111111011111010
111010101111111111111011
100010011111001111100001
100010111111010011100001
100011001111010011100010
100011001111010011100010
100011001111010011100010
100011001111010011100010
100011001111010011100010
100100001111100011100110
000100001000010001110000
001101101100010110101100
010100011111111011100000
010011101111100011011011
001100011110110111001100
000111001000010001110010
000010100010100100100011
000010110100101101000101
000000001111111111111111
000000001111111111111111
000000110100010100111111
001101110101010101001111
111111111111111111111111
111111111111111111111111
110101101111101111110100
101010001110111011100011
001100001100110110110010
001101001100110010110010
100100011111100011100110
100011111111011111100101
100011111111011011100100
100011111111011011100100
100011111111011011100100
100011111111011011100100
100100001111011111100101
100100111111101011101001
000100101000100001110100
000111111000101101111001
000111111000001101110011
000111111000010001110011
000111011000100101110111
000100110101100101001101
000010110010110100100111
000010110100101101000101
000000001111111111111111
000000001111111111111111
000000110100010100111111
001101110101010101001111
111111111111111111111111
111111111111111111111111
110000001111100111101110
100101001110110111011110
001000101100111010110000
001001101101000010110011
011110111110001111010001
011110011110001111010000
011110001110001111010000
011110001110001111010000
011110001110001111010000
011110001110001111010000
011110011110001111010001
011110111110010111010011
000110011001100110000011
001000001001001101111111
000111001000010101110100
000111011000011101110101
000111001000000101110000
000100100101011001001011
000010110010111000100111
000010110100101101000101
000000001111111111111111
000000001111111111111111
000000110100010100111111
001101110101010101001111
111111111111111111111111
111111111111111111111111
010000111110110011010000
001111111110110011001110
010011001111000011010100
010100011111101011011101
000101011000011101110100
000101011000101101110111
000101011000110001110111
000101011000110001110111
000101011000110001110111
000101011000110001110111
000101011000101101110111
000101101000100101110110
001011101101100010111011
001011011101001110110110
001011011101010110111000
001011011101001010110101
001000001001011110000011
000101000110001001010101
000010110010110100100110
000010110100101101000101
000000001111111111111111
000000001111111111111111
000001000011001000101100
001111110100101001000100
111111111111111111111111
111111111111111111111111
010100101110111111010101
010010001111000011010011
010011111111100111011100
010101001111111111100101
000111011000101101111000
000111101000111001111011
000111101000111001111011
000111101000111001111011
000111101000111001111011
000111101000111001111011
000111101000111001111011
000111101000110001111010
001011111101110010111110
001011001101000110110100
001011001100110110110001
001011001100110010110000
001000101001111110001010
000101100101100101001011
000011000001011100001111
000011000011100000110011
000000001111111111111111
000000001111111111111111
000000001111110111111101
000000101101010111010011
000101100010110100100110
000011100010101000100110
010010001110101111001111
001111111101001010111001
000110000111010101100101
000110110111011001100111
001010111100110110110001
001010111100101110110000
001010111100101110101111
001010111100101110101111
001010111100101110101111
001010111100101110101111
001010111100110010110000
001011001100110110110010
000110000111000101100010
001000111010010010001110
001011011101010110111000
001010111100101010101110
000010100001111100011001
000001011010010010100000
000000001111111111111111
000000001111100011111000
000000001111111111111111
000000001111111111111111
000000001111111111111111
000000011101110111011011
000010010010000000011001
000000100010000000011011
010000101110011111001011
001110101100111010110100
000101100110111101100001
000110000110111101100001
001011001101000110110101
001011001100111010110010
001011001100110110110001
001011001100110110110001
001011001100110110110001
001011001100110110110001
001011001100111010110010
001011011101000110110101
000101110110110001011110
001000011001101110000110
001010101100010010101010
001010001011101110100000
000010010001100100010100
000001001010011110100100
000000001111111111111111
000000001111111111111111
000000001111111111111111
000000001111111111111111
000000001111111111111111
000000101101110011011010
000011010010010000011100
000010000010010100100000
001011101101100010111010
001010101100010010101000
000110010111001001100011
000110010111000101100010
001011001101000110110100
001011001100110110110001
001011001100110110110001
001011001100110110110001
001011001100110110110001
001011001100110110110001
001011001100110110110001
001011001101000110110100
000110000110111101100001
000111001000010101110011
000111111001001101111111
000111111000111001111010
000010100001111100011001
000001001010011010100011
000000001111111111111111
000000001111111111111111
000000001111111111111111
000000001111111111111111
000000001111111111111111
000000101101011011010100
000011100000110000000100
000010010000110100001000
001101001110100011001000
001011101101000110110100
000110000110111101100001
000110000110111001100000
001011001101000010110100
001011001100110110110001
001011001100110110110001
001011001100110110110001
001011001100110110110001
001011001100110110110001
001011001100110110110001
001011001101000010110100
000110000110110001011110
000111011000101101111001
001000101010001110001101
001000101001100110000100
000011000000011100000000
000001011001101110011000
000000001111111111111111
000000001111111111111111
000000001111111111111111
000000001111111111111111
000000001111111111111111
000000001111111111111111
000000001111111111111111
000000001111111111111111
000010100010110100100111
000100000100000100111000
001000101010000110001011
000111111001001101111111
001011011101011110111001
001011011101010010110111
001011011101001110110110
001011011101001110110110
001011011101001110110110
001011011101001110110110
001011011101010010110111
001011011101011110111001
001000001001100110000100
000101100110001101010110
000010100010000000011010
000010110011001000101100
000000001111111111111111
000000001111111111111111
000000001111111111111111
000000001111111111111111
000000001111111111111111
000000001111111111111111
000000001111111111111111
000000001111111111111111
000000001111111111111111
000000001111111111111111
000001110111110001111000
000011000111010101101110
000110100111010101100100
000110000111001001100010
001000011001110110000111
001000011001101110000110
001000011001101110000110
001000011001101110000110
001000011001101110000110
001000011001101110000110
001000011001101110000110
001000011001110110000111
000110010111000101100001
000100000111011001101100
000001100111011101110011
000010000111110001111000
000000001111111111111111
000000001111111111111111
000000001111111111111111
000000001111111111111111
000000001111111111111111
000000001111111111111111
000000001111111111111111
000000001111111111111111
000000001111111111111111
000000001111111111111111
000000001111111111111111
000000101101010011010011
000010110001111000010111
000010100010111100101001
000010010010101100100101
000010010010101100100101
000010010010101100100101
000010010010101100100101
000010010010101100100101
000010010010101100100101
000010010010101100100101
000010010010101100100101
000010110010001100011101
000001001001101110010111
000000001111111111111111
000000001111111111111111
000000001111111111111111
000000001111111111111111
000000001111111111111111
000000001111111111111111
000000001111111111111111
000000001111111111111111
000000001111111111111111
000000001111111111111111
000000001111111111111111
000000001111111111111111
000000001111111111111111
000000111100101111001010
000011010010010100011110
000011000011011100110000
000011000011011100110000
000011000011011100110000
000011000011011100110000
000011000011011100110000
000011000011011100110000
000011000011011100110000
000011000011011100110000
000011000011011100110000
000011000010101000100011
000001101001011110010011
000000001111111111111111
000000001111111111111111
000000001111111111111111
000000001111111111111111
000000001111111111111111
000000001111111111111111
000000001111111111111111
