000000001111111111111111
000000001111111111111111
000000001111111111111111
000000001111111111111111
000000001111111111111111
000000001111111111111111
000000001111111111111111
000000001111111111111111
010000010010010000001010
001110100011101000100011
001110100011101000100011
001110100011101000100011
001110110011101100100011
001110110011101100100011
001110110011101100100011
001110110011101100100011
001110100011101000100011
010000010010010000001010
000000001111111111111111
000000001111111111111111
000000001111111111111111
000000001111111111111111
000000001111111111111111
000000001111111111111111
000000001111111111111111
000000001111111111111111
000000001111111111111111
000000001111111111111111
000000001111111111111111
000000001111111111111111
000000001111111111111111
000000001111111111111111
000000011111101011111001
000000001111101011111011
010010000010111100001111
010000000100000000100101
001111110011111100100100
010000000100000000100100
001111110011111100100100
001111110011111100100100
001111110011111100100100
001111110011111100100100
010000000100000000100100
010001110010111000001111
000000001111101011111011
000000001111110011111100
000000011111101011111010
000000011111101011111010
000000101111101111111010
000000111111100111110111
000000001111111111111111
000000001111111111111111
000000001111111111111111
000000001111111111111111
000000001111111111111111
000000001111111111111111
000000001111111111111111
000000001111111111111111
010001100001010100000000
010000100010011000001100
111111111111111101100010
111111111111111101011101
111000001110001101010101
110111101110000101010101
110010011100110001010001
110010011100110101010001
110010011100110001010001
110010111100111101010010
110111101110000101010101
111011011111000001011001
010000100010100000001101
010000000010011000001101
010100100001111000000000
010100100010000000000000
011101100011110100000110
011111100010011000000000
000000111111100011110111
000000001111111111111111
000000001111111111111111
000000001111111111111111
000000001111111111111111
000000001111111111111111
000000001111111111111111
000000001111111111111111
010001100001011000000000
010000010010011100001100
111111111111111101100010
111111111111111101011101
110111111110001001010101
110111011110000101010100
110010001100110001010001
110010011100110001010001
110010011100110001010001
110010011100110001010001
110100001101001101010000
110111111110001001010101
001011110010111000011111
001011000010111000100001
010000110010111100010001
010001010011001100010011
011100100101010100100001
011110100011111100000111
000000101111101111111010
000000001111111111111111
000000001111111111111111
000000001111111111111111
000000001111111111111111
000000001111111111111111
000000001111111111111111
000000001111111111111111
000000111111001011110001
000000001111001111110011
010011110011011000010010
010001110100011100100110
010001010100010100100110
010001010100010100100110
010000110100010000100110
010001000100010000100110
010000010100000100100101
010011110101000000101010
110010001100101101010000
101111111100001001001101
101100111011011001001010
101110001011110101001101
100000010101110000100010
011111110101111100100100
001000110001101000001001
001100000000100000000000
000000001111101011111010
000000001111111111111111
000000001111111111111111
000000001111111111111111
000000001111111111111111
000000001111111111111111
000000001111111111111111
000000001111111111111111
000000001111111111111111
000000001111111111111111
010010000000110000000000
010000010010001000001000
010000010010001000001000
010000010010001000001000
010000100010001100001000
010000100010001100001000
001111110010000000000111
010011110011011000010010
110101101101110001010111
110010011100111101010011
101111011100000101001110
110000011100011001010000
011111110101001100011110
011111100101100100100001
000110010001000100000100
001010000000000000000000
000000001111101011111010
000000001111111111111111
000000001111111111111111
000000001111111111111111
000000001111111111111111
000000001111111111111111
000000001111111111111111
000000001111111111111111
000000001111111111111111
000000001111111111111111
000000001111111111111111
000000001111111111111111
000000001111111111111111
000000001111111111111111
000000001111111111111111
000000001111111111111111
000000001111111111111111
000000001111100111111001
010001100001010100000000
001011110001100000001001
110100011101010001010001
110100111101011101010010
110000001100011001010000
101110011011111001001101
001011110011000000100001
010000110010100000001101
000000001111110111111101
000000001111111111111111
000000001111111111111111
000000001111111111111111
000000001111111111111111
000000001111111111111111
000000001111111111111111
000000001111111111111111
000000001111111111111111
000000001111111111111111
000000001111111111111111
000000001111111111111111
000000001111111111111111
000000001111111111111111
000000001111111111111111
000000001111111111111111
000000001111111111111111
000001101110110111101011
010011110010001000000000
001110100010010100001110
110100001101001101010001
110100011101010001010001
101111011100000101001110
101101001011011001001010
001011100010111000011111
010000100010100000001101
000000001111101111111011
000000001111111111111111
000000001111111111111111
000000001111111111111111
000000001111111111111111
000000001111111111111111
000000001111111111111111
000000001111111111111111
000000001111111111111111
000000001111111111111111
000000001111111111111111
000000001111111111111111
000000001111111111111111
000000001111111111111111
000000001111111111111111
000000001111111111111111
010110010000011000000000
010100100010010100000000
011011100101001100011111
011100100101011000100001
000101100000101000000011
000001110000000000000000
110011011101001001010101
101111101100000101001101
110111111110001001010101
111011011111000101011001
010010000010111000001111
010000010010010000001010
000000001111111111111111
000000001111111111111111
000000001111111111111111
000000001111111111111111
000000001111111111111111
000000001111111111111111
000000001111111111111111
000000001111111111111111
000000001111111111111111
000000001111111111111111
000000001111111111111111
000000001111111111111111
000000001111111111111111
000000001111111111111111
010010100001100000000000
010001110011010000010101
011100010101010100100000
011101010101100000100010
001010110000011100000000
000111100000000000000000
110110101101111101011001
110001111100101101010000
110100001101001101010000
110111101110001001010101
010000000100000000100100
001110100011101000100011
000000001111111111111111
000000001111111111111111
000000001111111111111111
000000001111111111111111
000000001111111111111111
000000001111111111111111
000000001111111111111111
000000001111111111111111
000000001111111111111111
000000001111111111111111
000000001111111111111111
000000001111111111111111
010001000100000100100010
001111110100100000101011
100011000110010000100010
011110100101101100100010
001001100001110000001010
001100100000111000000000
000000101110101111101010
000000001111011011111001
010100000011011000010010
010011110101000000101010
110010011100110001010000
110010111100111101010001
001111110011111100100101
001110110011101100100011
000000001111111111111111
000000001111111111111111
000000001111111111111111
000000001111111111111111
000000001111111111111111
000000001111111111111111
000000001111111111111111
000000001111111111111111
000000001111111111111111
000000001111111111111111
000000001111111111111111
000000001111111111111111
010010100010011000000101
010001010010101100001100
100111110111100000101101
100010110110001100100010
001000010000000000000000
001011110000000000000000
000000001111111111111111
000000001111111111111111
001111110010000000000111
010000010100001000100101
110010011100110001010001
110010011100110101010001
001111110011111100100101
001110110011101100100011
000000001111111111111111
000000001111111111111111
000000001111111111111111
000000001111111111111111
000000001111111111111111
000000001111111111111111
000000001111111111111111
000000001111111111111111
000000001111111111111111
000000001111111111111111
010001000100000000100010
010010010010010100000100
011011000100111100011100
011011000101000000011111
000111010000111100000000
001000000011000100100001
000000001111111111111111
000000001111111111111111
000000001111111111111111
000000001111111111111111
010000100010001100001000
010000110100010000100110
110010011100110001010001
110010011100110101010001
001111110011111100100101
001110110011101100100011
000000001111111111111111
000000001111111111111111
000000001111111111111111
000000001111111111111111
000000001111111111111111
000000001111111111111111
000000001111111111111111
000000001111111111111111
000000001111111111111111
000000001111111111111111
001111100100100000101100
010001010010101100001100
011011000101000100011110
011011100101000000011101
001000100000100100000000
001001010010100100010111
000000001111111111111111
000000001111111111111111
000000001111111111111111
000000001111111111111111
010000100010001100001000
010000110100010000100110
110010001100110001010001
110010011100110001010001
001111110011111100100101
001110110011101100100011
000000001111111111111111
000000001111111111111111
000000001111111111111111
000000001111111111111111
000000001111111111111111
000000001111111111111111
000000001111111111111111
000000001111111111111111
010110010000011000000000
010010100001100000000000
100011000110001100100010
100111110111100000101101
000111010000111000000001
001000110000100100000000
000000001111111111111111
000000001111111111111111
000000001111111111111111
000000001111111111111111
000000001111111111111111
000000001111111111111111
010000010010001000001000
010001010100010100100101
110111011110000101010100
110111101110000101010101
010000000100000000100100
001110100011101000100011
000000001111111111111111
000000001111111111111111
000000001111111111111111
000000001111111111111111
000000001111111111111111
000000001111111111111111
000001111110101011100111
000001011110110111101011
010100110010010100000000
010001110011010000010100
011110100101101100100010
100010110110001100100010
001000000011000100100010
001001010010100100011000
000000001111111111111111
000000001111111111111111
000000001111111111111111
000000001111111111111111
000000001111111111111111
000000001111111111111111
010000010010001000001000
010001010100010000100101
110111111110001101010101
111000001110001101010101
010000000011111100100100
001110100011101000100011
000000001111111111111111
000000001111111111111111
000000001111111111111111
000000001111111111111111
000000001111111111111111
000000001111111111111111
010101100000111100000000
010100000010000100000000
011011100101001100011111
011100010101010100100000
001001100001110000001010
001000010000000000000000
000000001111111111111111
000000001111111111111111
000000001111111111111111
000000001111111111111111
000000001111111111111111
000000001111111111111111
000000001111111111111111
000000001111111111111111
010000010010001000001000
010001110100011100100110
111111111111111101011101
111111111111111101011101
010000000100000100100101
001110100011101000100011
000000001111111111111111
000000001111111111111111
000000001111111111111111
000000001111111111111111
000000001111111111111111
000000001111111111111111
010001110001111100000000
010000110011000000010010
011100100101011000100001
011101010101100000100010
001100100000110100000000
001011110000000000000000
000000001111111111111111
000000001111111111111111
000000001111111111111111
000000001111111111111111
000000001111111111111111
000000001111111111111111
000000001111111111111111
000000001111111111111111
010010000000110000000000
010011110011011100010001
111111111111111101100010
111111111111111101100010
010010000010111100001111
010000010010010000001010
000000001111111111111111
000000001111111111111111
000000001111111111111111
000000001111111111111111
010001000011111100100000
010000110010101100001101
100100000110101000100101
100010110110100000100111
000111010001010000000110
001010110000011100000000
000000101110101111101010
000000001111111111111111
000000001111111111111111
000000001111111111111111
000000001111111111111111
000000001111111111111111
000000001111111111111111
000000001111111111111111
000000001111111111111111
000000001111111111111111
000000001111111111111111
000000011111001111110011
010000010010100000001101
010000100010011100001100
000000001111101111111011
000000001111111111111111
000000001111111111111111
000000001111111111111111
000000001111111111111111
000000001111111111111111
010000010100000000100011
010000010010100000001011
100101110111001000101010
100100110110110000100111
000111110000001000000000
001011100000000000000000
000000111110100011100110
000000001111111111111111
000000001111111111111111
000000001111111111111111
000000001111111111111111
000000001111111111111111
000000001111111111111111
000000001111111111111111
000000001111111111111111
000000001111111111111111
000000001111111111111111
000000111111001011110000
010001100001010100000000
010001110001010000000000
000000011111101011111010
000000001111111111111111
000000001111111111111111
000000001111101111111010
010110000000011000000000
010011010001101000000000
011011000100110000011010
011101010101100000100001
000110000000101000000000
000111100001000100000001
000000001111111111111111
000000001111111111111111
000000001111111111111111
000000001111111111111111
000000001111111111111111
000000001111111111111111
000000001111111111111111
000000001111111111111111
000000001111111111111111
000000001111111111111111
000000001111111111111111
000000001111111111111111
000000001111111111111111
000000001111111111111111
000000001111111111111111
000000001111111111111111
000000001111111111111111
000000001111111111111111
000000111111011011110100
000001011110111011101011
010101000010011000000000
010010110011011100010101
011000100100101000011100
011010110100110000011010
001000000010011100011001
001001100010100100010110
000000001111111111111111
000000001111111111111111
000000001111111111111111
000000001111111111111111
000000001111111111111111
000000001111111111111111
000000001111111111111111
000000001111111111111111
000000001111111111111111
000000001111111111111111
000000001111111111111111
000000001111111111111111
000000001111111111111111
000000001111111111111111
000000001111111111111111
000000001111111111111111
000000001111111111111111
000000001111111111111111
010011110001111100000000
010100010010010000000000
100101100111000100101010
100110100111001100101011
001010000001111000001011
001001000000000000000000
000000001111111111111111
000000001111111111111111
000000001111111111111111
000000001111111111111111
000000001111111111111111
000000001111111111111111
000000001111111111111111
000000001111111111111111
000000001111111111111111
000000001111111111111111
000000001111111111111111
000000001111111111111111
000000001111111111111111
000000001111111111111111
000000001111111111111111
000000001111111111111111
000000001111111111111111
000000001111111111111111
000000001111111111111111
000000001111111111111111
010001000011001000010011
010001110011011000010100
100110100111010000101100
100111100111011000101101
001100100000111000000000
001011110000000000000000
000000001111111111111111
000000001111111111111111
000000001111111111111111
000000001111111111111111
000000001111111111111111
000000001111111111111111
000000001111111111111111
000000001111111111111111
000000001111111111111111
000000001111111111111111
000000001111111111111111
000000001111111111111111
000000001111111111111111
000000001111111111111111
000000001111111111111111
000000001111111111111111
000000001111111111111111
000000001111111111111111
000000001111111111111111
000000001111111111111111
011010000100111000011110
011001010100101100011101
001001000001101100001001
001011100000101100000000
000000101110101111101010
000000001111101011111010
000000001111111111111111
000000001111111111111111
000000001111111111111111
000000001111111111111111
000000001111111111111111
000000001111111111111111
000000001111111111111111
000000001111111111111111
000000001111111111111111
000000001111111111111111
000000001111111111111111
000000001111111111111111
000000001111111111111111
000000001111111111111111
000000001111111111111111
000000001111111111111111
000000001111111111111111
000000001111111111111111
000000001111111111111111
000000001111111111111111
011010010100111100011110
011001110100110000011101
000111110001011100001000
001010100000010000000000
000000011111010011110100
000000001111111111111111
000000001111111111111111
000000001111111111111111
000000001111111111111111
000000001111111111111111
000000001111111111111111
000000001111111111111111
000000001111111111111111
000000001111111111111111
000000001111111111111111
000000001111111111111111
000000001111111111111111
000000001111111111111111
000000001111111111111111
000000001111111111111111
000000001111111111111111
000000001111111111111111
000000001111111111111111
000000001111111111111111
000000001111111111111111
000000001111111111111111
