000000001111111111111111
000000001111111111111111
000000001111111111111111
000000001111111111111111
000000001111111111111111
000000001111111111111111
000000001111111111111111
000000001111111111111111
010010110011110100111101
010001110100011001000110
010001110100011101000111
010001110100011101000111
010001110100011101000111
010001110100011101000111
010001110100011101000111
010001110100011101000111
010010000100011001000110
010010110011110100111101
000000001111111111111111
000000001111111111111111
000000001111111111111111
000000001111111111111111
000000001111111111111111
000000001111111111111111
000000001111111111111111
000000001111111111111111
000000001111111111111111
000000001111111111111111
000000001111111111111111
000000001111111111111111
000000001111111111111111
000000001111111111111111
000001111110101111101011
000000001111111111111111
010101000100100101001001
010100000100111101001111
010011100100111001001110
010011100100111001001110
010011010100110101001101
010011010100110101001101
010011010100110101001101
010011010100110101001101
010011110100110101001101
010100100100011101000111
000000001111111111111111
000001101110111111110000
000001101110110111101010
000001011110110111101010
000010011111000011101011
000010101110110011100111
000000001111111011111110
000000001111111111111111
000000001111111111111111
000000001111111111111111
000000001111111111111111
000000001111111111111111
000000001111111111111111
000001001111001011110010
010110000010001000100010
010001110010110000101100
101001101010010010100100
101000101010001010100010
100011011000110110001101
100100001001000010010000
100001001000010010000100
100001001000010010000100
100001001000010010000100
100000111000001110000011
100100001001000010010000
100100101001000110010001
010010010010111000101110
010100000011100000111011
010100000010001000000000
010011100001111100000000
011101100011111000000111
011111010010100100000000
000010111110110011100111
000000001111111111111111
000000001111111111111111
000000001111111111111111
000000001111111111111111
000000001111111111111111
000000001111111111111111
000001001111001011110010
010110010001111100011111
010010000010100100101001
101001111010011010100110
101000111010001110100011
100011101000111010001110
100100011001000110010001
100001011000010110000101
100001011000010110000101
100001011000010110000101
100001001000010010000100
100010111000101110001011
100011001000110010001100
001110100011101000111010
010000100100010001001000
010000010011000100010100
001111110010111000010000
011100110101011000100001
011110100100000100001000
000010101111000011101011
000000001111111111111111
000000001111111111111111
000000001111111111111111
000000001111111111111111
000000001111111111111111
000000001111111111111111
000000001111111111111111
000000001111111111111111
000000001111111111111111
010001110011011000110110
010000110011110100111101
010001000011111100111111
010001000100000001000000
010001010100000001000000
010001010100000001000000
010001010100000001000000
001111110011101100111011
011111010111110101111110
100000001000000010000001
100000111000001110000011
100000101000011010001101
100011110110110000101011
100101100111000000100111
000101100001000000000100
001001010000000100000000
000000101110101011101001
000000001111111111111111
000000001111111111111111
000000001111111111111111
000000001111111111111111
000000001111111111111111
000000001111111111111111
000000001111111111111111
000000001111111111111111
000000001111111111111111
010010000100101001001010
010001010101000001010000
010001010101001001010010
010001010101001001010010
010001010101001001010010
010001010101001001010010
010001010101001001010010
001111100101000001010000
011110110111100001110110
011111000111101001111000
100000001000000110000001
011111101000001010001000
100010000110100100110000
100100000110111000101100
000111100001011100001010
001011100000100100000000
000000111110101111101010
000000001111111111111111
000000001111111111111111
000000001111111111111111
000000001111111111111111
000000001111111111111111
000000001111111111111111
000000001111111111111111
000000001111111111111111
000000001111111111111111
000000001111111111111111
000000001111111111111111
000000001111111111111111
000000001111111111111111
000000001111111111111111
000000001111111111111111
000000001111111111111111
000000001111111111111111
010000010011010000001111
010000010010011100000001
100100011001001110010111
100010111000101110001011
011111101000000110000111
100000101000010110001100
010001100100011101001001
010101000011101000111100
000001101110111111110000
000000001111111111111111
000000001111111111111111
000000001111111111111111
000000001111111111111111
000000001111111111111111
000000001111111111111111
000000001111111111111111
000000001111111111111111
000000001111111111111111
000000001111111111111111
000000001111111111111111
000000001111111111111111
000000001111111111111111
000000001111111111111111
000000001111111111111111
000000001111111111111111
000000001111111111111111
010000110011100100011001
010001000010110100001011
100110111001111110100101
100101011001011010011000
100000001000000110000001
100000101000001010000010
001110100011101000111010
010010010010111000101110
000000001111111111111111
000000001111111111111111
000000001111111111111111
000000001111111111111111
000000001111111111111111
000000001111111111111111
000000001111111111111111
000000001111111111111111
000000001111111111111111
000000001111111111111111
000000001111111111111111
000000001111111111111111
000000001111111111111111
000000001111111111111111
000000001111111111111111
000000001111111111111111
010100110001010000000000
010010000010100100001000
011010110100110000011011
011011000101000000011110
000111000001000000000000
000110100000101100000000
011110100111100001111000
100000001000000010000000
100011011000110110001101
100100111001000110010001
010100100100100001001000
010010110011110100111101
000000001111111111111111
000000001111111111111111
000000001111111111111111
000000001111111111111111
000000001111111111111111
000000001111111111111111
000000001111111111111111
000000001111111111111111
000000001111111111111111
000000001111111111111111
000000001111111111111111
000000001111111111111111
000000011111101111111011
000000001111110011111100
010100100010000100000000
010010000011001100010011
011001100100101100011101
011010100100110000011011
000111110001111000001111
000111010001100100000101
011110010111011001110110
011111010111110101111101
100010111000101110001011
100011111000111110001111
010011110100110101001101
010010000100011001000110
000000001111111111111111
000000001111111111111111
000000001111111111111111
000000001111111111111111
000000001111111111111111
000000001111111111111111
000000001111111111111111
000000001111111111111111
000000001111111111111111
000000001111111111111111
000000001111111111111111
000000001111111111111111
010100010001110100000000
010011110001111000000000
100101110111001000101010
100110100111010000101100
001001000001100100000111
001000100000110100000000
000000001111111111111111
000000001111111111111111
001111110101000001010001
010000000011101100111011
100001001000010010000100
100000111000001110000011
010011010100110101001101
010001110100011101000111
000000001111111111111111
000000001111111111111111
000000001111111111111111
000000001111111111111111
000000001111111111111111
000000001111111111111111
000000001111111111111111
000000001111111111111111
000000001111111111111111
000000001111111111111111
000000001111111111111111
000000001111111111111111
010001100011000100010001
010001010011000000010010
100110110111010000101100
100111100111011100101101
001011110000011100000000
001011010000000000000000
000000001111111111111111
000000001111111111111111
010001010101001001010010
010001100100000101000001
100001011000010110000101
100001001000010010000100
010011010100110101001101
010001110100011101000111
000000001111111111111111
000000001111111111111111
000000001111111111111111
000000001111111111111111
000000001111111111111111
000000001111111111111111
000000001111111111111111
000000001111111111111111
000000001111111111111111
000000001111101111111011
010100010001110100000000
010001010011000100010001
011010100100110100011011
011010100100111000011101
001000000001010100000110
001010110000010000000000
000000001111110011111101
000000001111111111111111
000000001111111111111111
000000001111111111111111
010001010101001001010010
010001100100000101000001
100001011000010110000101
100001001000010010000100
010011010100110101001101
010001110100011101000111
000000001111111111111111
000000001111111111111111
000000001111111111111111
000000001111111111111111
000000001111111111111111
000000001111111111111111
000000001111111111111111
000000001111111111111111
000000001111111111111111
000000001111110011111101
010100000001111100000000
010001100011000100010001
011010000100111000011101
011010110100110100011011
001000000001011000000110
001010110000001000000000
000000011111101111111011
000000001111111111111111
000000001111111111111111
000000001111111111111111
010001010101001001010010
010001010100000101000001
100001011000010110000101
100001001000010010000100
010011010100110101001101
010001110100011101000111
000000001111111111111111
000000001111111111111111
000000001111111111111111
000000001111111111111111
000000001111111111111111
000000001111111111111111
000000001111111111111111
000000001111111111111111
010101000001010000000000
010100100010001000000000
100101110111000100101011
100110110111010000101100
001000000001010100000101
001000010001011000000110
000000001111111111111111
000000001111111111111111
000000001111111111111111
000000001111111111111111
000000001111111111111111
000000001111111111111111
010001010101001001010010
010001000100000001000000
100100011001000110010001
100100001001000010010000
010011100100111001001110
010001110100011101000111
000000001111111111111111
000000001111111111111111
000000001111111111111111
000000001111111111111111
000000001111111111111111
000000001111111111111111
000000001111111111111111
000000001111111111111111
010010000010100000001000
010010000011010000010011
100110100111010000101100
100111100111011100101101
001010110000001100000000
001011000000001000000000
000000001111111111111111
000000001111111111111111
000000001111111111111111
000000001111111111111111
000000001111111111111111
000000001111111111111111
010001010101001001010010
010001000100000001000000
100011101000111010001110
100011011000110110001101
010011100100111001001110
010001110100011101000111
000000001111111111111111
000000001111111111111111
000000001111111111111111
000000001111111111111111
000000001111111111111111
000000111111010011110010
010011100010010100000010
010000110011100000011010
011010100100110100011011
011001100100110000011101
001001000001100100001000
001011110000011100000000
000000001111110011111100
000000001111101111111010
000000001111111111111111
000000001111111111111111
000000001111111111111111
000000001111111111111111
000000001111111111111111
000000001111111111111111
010001010101000101010001
010000110011110100111101
101000111010001110100011
101000101010001010100010
010100010100111101001111
010001110100011001000110
000000001111111111111111
000000001111111111111111
000000001111111111111111
000000001111111111111111
000000001111111111111111
000000001111110011111100
010011100001110000000000
010000110010111000001111
011011010101001000011110
011010100100110100011100
001000010000110100000000
001011010000000000000000
000000001111111111111111
000000001111111111111111
000000001111111111111111
000000001111111111111111
000000001111111111111111
000000001111111111111111
000000001111111111111111
000000001111111111111111
010010000100101001001010
010001100011011000110110
101010001010011010100110
101001101010010110100101
010101000100101001001010
010010110011110100111101
000000001111111111111111
000000001111111111111111
000000001111111111111111
000000001111111111111111
010101100000110000000000
010101000010010000000000
100101110111001000101010
100111000111010100101100
000111000001000100000100
000111100001111000010000
000000001111111111111111
000000001111111111111111
000000001111111111111111
000000001111111111111111
000000001111111111111111
000000001111111111111111
000000001111111111111111
000000001111111111111111
000000001111111111111111
000000001111111111111111
000000001111111111111111
000000001111111111111111
010010000010100100101001
010001110010110000101100
000000001111111111111111
000000001111111111111111
000000001111111111111111
000000001111111111111111
000000001111111111111111
000000001111111111111111
010010110010000100000000
010010110011011000010101
100110100111010000101011
100111100111011100101101
001001110000000000000000
001010010000101100000000
000000001111111111111111
000000001111111111111111
000000001111111111111111
000000001111111111111111
000000001111111111111111
000000001111111111111111
000000001111111111111111
000000001111111111111111
000000001111111111111111
000000001111111111111111
000000001111111111111111
000000001111111111111111
010110010001111100011111
010110000010001000100010
000001111110101111101011
000000001111111111111111
000000001111111111111111
000001011110110111101010
010010110010111000001100
010000000100000100100011
011010100100101100011011
011000100100100100011011
001010000001110100001010
001100100000101100000000
000000001111101111111011
000000101111001111110010
000000001111111111111111
000000001111111111111111
000000001111111111111111
000000001111111111111111
000000001111111111111111
000000001111111111111111
000000001111111111111111
000000001111111111111111
000000001111111111111111
000000001111111111111111
000000001111111111111111
000000001111111111111111
000001001111001011110010
000001001111001111110011
000000001111111111111111
000000001111111111111111
000000001111111111111111
000000001111101011111010
010011000001100100000000
010000010010101100001110
011100010101010000100000
011010100100101100011010
001000110000010000000000
001011100000000000000000
000000001111111111111111
000000001111111111111111
000000001111111111111111
000000001111111111111111
000000001111111111111111
000000001111111111111111
000000001111111111111111
000000001111111111111111
000000001111111111111111
000000001111111111111111
000000001111111111111111
000000001111111111111111
000000001111111111111111
000000001111111111111111
000000001111111111111111
000000001111111111111111
000000001111111111111111
000000001111111111111111
010100000001110000000000
010101110010011000000000
100101110111001000101011
100111000111010100101100
000110010000110100000010
000111010010100000011001
000000001111111111111111
000000001111111111111111
000000001111111111111111
000000001111111111111111
000000001111111111111111
000000001111111111111111
000000001111111111111111
000000001111111111111111
000000001111111111111111
000000001111111111111111
000000001111111111111111
000000001111111111111111
000000001111111111111111
000000001111111111111111
000000001111111111111111
000000001111111111111111
000000001111111111111111
000000001111111111111111
000000001111111111111111
000000001111111111111111
010001000011001000010011
010011010011100100010110
100110010111001100101011
100111100111011100101101
001001000000000000000000
001010000001010100000001
000000001111111111111111
000000001111111111111111
000000001111111111111111
000000001111111111111111
000000001111111111111111
000000001111111111111111
000000001111111111111111
000000001111111111111111
000000001111111111111111
000000001111111111111111
000000001111111111111111
000000001111111111111111
000000001111111111111111
000000001111111111111111
000000001111111111111111
000000001111111111111111
000000001111111111111111
000000001111111111111111
000000001111111111111111
000000001111111111111111
011001100100110000011101
010111110100011100011011
001010110010000100001100
001101100000111100000000
000000001111101011111010
000000111110101111101001
000000001111111111111111
000000001111111111111111
000000001111111111111111
000000001111111111111111
000000001111111111111111
000000001111111111111111
000000001111111111111111
000000001111111111111111
000000001111111111111111
000000001111111111111111
000000001111111111111111
000000001111111111111111
000000001111111111111111
000000001111111111111111
000000001111111111111111
000000001111111111111111
000000001111111111111111
000000001111111111111111
000000001111111111111111
000000001111111111111111
011010100100111100011110
011000100100101000011100
000111110001011100001000
001010100000000100000000
000000001111111111111111
000000001111111111111111
000000001111111111111111
000000001111111111111111
000000001111111111111111
000000001111111111111111
000000001111111111111111
000000001111111111111111
000000001111111111111111
000000001111111111111111
000000001111111111111111
000000001111111111111111
000000001111111111111111
000000001111111111111111
000000001111111111111111
000000001111111111111111
000000001111111111111111
000000001111111111111111
000000001111111111111111
000000001111111111111111
000000001111111111111111
000000001111111111111111
