010001100011100100100110
011010010101010000110011
011010010101010000110011
011011000101011100110110
011011000101011100110110
100110110111101101001100
001111010011000000011101
001111010011000000011101
011011010101100000110111
011011010101100000110111
100101010111010101000110
010000010011010000100001
010000010011010000100001
011001100101000100110000
011010000101001100110010
011010000101001100110010
011001110101001000110001
011001110101001000110001
011111000110001000111110
011011010101100000110111
011011010101100000110111
011111000110001000111110
011111000110001000111110
011010010101010000110011
100111000111110001001101
100111000111110001001101
001111110011001000011111
011001010101000000101111
011001010101000000101111
011011110101101000111001
011011110101101000111001
001110000010101100011000
001111110011001000011111
001111110011001000011111
100110000111100001001001
100110000111100001001001
010000010011010000100001
011001100101000100110000
011001100101000100110000
100110010111100101001010
001111010011000000011101
001111010011000000011101
011010000101001100110010
011010000101001100110010
100110100111101001001011
010011000011110100100110
010011000011110100100110
011111000110001000111110
011111000110001000111110
010011000011110100100110
100101010111010101000110
100101010111010101000110
001111110011001000011111
011001010101000000101111
011001010101000000101111
011011110101101000111001
011011110101101000111001
001110000010101100011000
001111110011001000011111
001111110011001000011111
100110000111100001001001
100110000111100001001001
010000010011010000100001
011001100101000100110000
011001100101000100110000
100110010111100101001010
001111010011000000011101
001111010011000000011101
011010000101001100110010
011010000101001100110010
100110100111101001001011
010011000011110100100110
010011000011110100100110
011111000110001000111110
011111000110001000111110
010011000011110100100110
100101010111010101000110
100101010111010101000110
001110100010110100011010
010111100100101100101111
010111100100101100101111
011001000100111100101110
011001000100111100101110
010000010011010000100001
011010000101001100110010
011010000101001100110010
100110010111100101001010
100110010111100101001010
001111100011000100011110
011001110101001000110001
011001110101001000110001
100110000111100001001001
001111000010111100011100
001111000010111100011100
011001110101001000110001
011001110101001000110001
011111000110001000111110
010011000011110100100110
010011000011110100100110
011111000110001000111110
011111000110001000111110
010011000011110100100110
100110010111100101001010
100110010111100101001010
001110100010110100011010
010111100100101100101111
010111100100101100101111
011001000100111100101110
011001000100111100101110
010000010011010000100001
011010000101001100110010
011010000101001100110010
100110010111100101001010
100110010111100101001010
001111100011000100011110
011001110101001000110001
011001110101001000110001
100110000111100001001001
001111000010111100011100
001111000010111100011100
011001110101001000110001
011001110101001000110001
011111000110001000111110
010011000011110100100110
010011000011110100100110
011111000110001000111110
011111000110001000111110
010011000011110100100110
100110010111100101001010
100110010111100101001010
011011010101100000110111
010001010011100000100101
010001010011100000100101
011000110100111000101101
011000110100111000101101
010000000011001100100000
011111000110001000111110
011111000110001000111110
011111000110001000111110
011111000110001000111110
001111100011000100011110
011010000101001100110010
011010000101001100110010
100110000111100001001001
001111000010111100011100
001111000010111100011100
011010000101001100110010
011010000101001100110010
100110000111100001001001
001111010011000000011101
001111010011000000011101
100111000111110001001101
100111000111110001001101
010000100011010100100010
011111000110001000111110
011111000110001000111110
011010100101010100110100
010000010011010000100001
010000010011010000100001
011011000101011100110110
011011000101011100110110
011001110101001000110001
011111000110001000111110
011111000110001000111110
011111000110001000111110
011111000110001000111110
011011000101011100110110
011001110101001000110001
011001110101001000110001
011011100101100100111000
010000100011010100100010
010000100011010100100010
011010100101010100110100
011010100101010100110100
100110100111101001001011
001111010011000000011101
001111010011000000011101
100110100111101001001011
100110100111101001001011
001111000010111100011100
011111000110001000111110
011111000110001000111110
011010100101010100110100
010000010011010000100001
010000010011010000100001
011011000101011100110110
011011000101011100110110
011001110101001000110001
011111000110001000111110
011111000110001000111110
011111000110001000111110
011111000110001000111110
011011000101011100110110
011001110101001000110001
011001110101001000110001
011011100101100100111000
010000100011010100100010
010000100011010100100010
011010100101010100110100
011010100101010100110100
100110100111101001001011
001111010011000000011101
001111010011000000011101
100110100111101001001011
100110100111101001001011
001111000010111100011100
011111000110001000111110
011111000110001000111110
011011000101011100110110
010111100100101100101111
010111100100101100101111
011011000101011100110110
011011000101011100110110
011001100101000100110000
100110100111101001001011
100110100111101001001011
011010000101001100110010
011010000101001100110010
011001100101000100110000
011010100101010100110100
011010100101010100110100
011010110101011000110101
001111010011000000011101
001111010011000000011101
011010010101010000110011
011010010101010000110011
100011110110111101000000
001111100011000100011110
001111100011000100011110
011111000110001000111110
011111000110001000111110
010000000011001100100000
011001110101001000110001
011001110101001000110001
011011000101011100110110
010111100100101100101111
010111100100101100101111
011011000101011100110110
011011000101011100110110
011001100101000100110000
100110100111101001001011
100110100111101001001011
011010000101001100110010
011010000101001100110010
011001100101000100110000
011010100101010100110100
011010100101010100110100
011010110101011000110101
001111010011000000011101
001111010011000000011101
011010010101010000110011
011010010101010000110011
100011110110111101000000
001111100011000100011110
001111100011000100011110
011111000110001000111110
011111000110001000111110
010000000011001100100000
011001110101001000110001
011001110101001000110001
011010000101001100110010
011111000110001000111110
011111000110001000111110
010011000011110100100110
010011000011110100100110
011011000101011100110110
100101110111011101001000
100101110111011101001000
011000100100110100101100
011000100100110100101100
011010000101001100110010
001111000010111100011100
001111000010111100011100
100100010111000101000010
001111000010111100011100
001111000010111100011100
011111000110001000111110
011111000110001000111110
010110010100011100101100
001101110010101000010111
001101110010101000010111
011111000110001000111110
011111000110001000111110
001111100011000100011110
011011100101100100111000
011011100101100100111000
011010110101011000110101
100110100111101001001011
100110100111101001001011
001111100011000100011110
001111100011000100011110
011010110101011000110101
100110110111101101001100
100110110111101101001100
001111010011000000011101
001111010011000000011101
100110100111101001001011
010000010011010000100001
010000010011010000100001
100110010111100101001010
001110100010110100011010
001110100010110100011010
011111000110001000111110
011111000110001000111110
010011000011110100100110
011001100101000100110000
011001100101000100110000
011111000110001000111110
011111000110001000111110
001111110011001000011111
011011100101100100111000
011011100101100100111000
011010110101011000110101
100110100111101001001011
100110100111101001001011
001111100011000100011110
001111100011000100011110
011010110101011000110101
100110110111101101001100
100110110111101101001100
001111010011000000011101
001111010011000000011101
100110100111101001001011
010000010011010000100001
010000010011010000100001
100110010111100101001010
001110100010110100011010
001110100010110100011010
011111000110001000111110
011111000110001000111110
010011000011110100100110
011001100101000100110000
011001100101000100110000
011111000110001000111110
011111000110001000111110
001111110011001000011111
011011100101100100111000
011011100101100100111000
011010010101010000110011
100110010111100101001010
100110010111100101001010
001111110011001000011111
001111110011001000011111
011100000101101100111010
100101000111010001000101
100101000111010001000101
010000010011010000100001
010000010011010000100001
011010010101010000110011
010000000011001100100000
010000000011001100100000
011010010101010000110011
010000100011010100100010
010000100011010100100010
100100110111001101000100
100100110111001101000100
001111000010111100011100
011011000101011100110110
011011000101011100110110
011010110101011000110101
011010110101011000110101
001111110011001000011111
011111000110001000111110
011111000110001000111110
011010010101010000110011
100111000111110001001101
100111000111110001001101
010001100011100100100110
010001100011100100100110
011001110101001000110001
011011010101100000110111
011011010101100000110111
100101000111010001000101
100101000111010001000101
010000100011010100100010
011010100101010100110100
011010100101010100110100
011010100101010100110100
001110010010110000011001
001110010010110000011001
100101010111010101000110
100101010111010101000110
010000100011010100100010
011010110101011000110101
011010110101011000110101
100101010111010101000110
100101010111010101000110
010000010011010000100001
011111000110001000111110
011111000110001000111110
011010010101010000110011
100111000111110001001101
100111000111110001001101
010001100011100100100110
010001100011100100100110
011001110101001000110001
011011010101100000110111
011011010101100000110111
100101000111010001000101
100101000111010001000101
010000100011010100100010
011010100101010100110100
011010100101010100110100
011010100101010100110100
001110010010110000011001
001110010010110000011001
100101010111010101000110
100101010111010101000110
010000100011010100100010
011010110101011000110101
011010110101011000110101
100101010111010101000110
100101010111010101000110
010000010011010000100001
011111000110001000111110
011111000110001000111110
010001010011100000100101
011111000110001000111110
011111000110001000111110
010000000011001100100000
010000000011001100100000
011010100101010100110100
011001110101001000110001
011001110101001000110001
100101100111011001000111
100101100111011001000111
001110100010110100011010
011001000100111100101110
011001000100111100101110
001111100011000100011110
010111100100101100101111
010111100100101100101111
100111110111111101010000
100111110111111101010000
010000000011001100100000
011010100101010100110100
011010100101010100110100
100110110111101101001100
100110110111101101001100
010000110011011000100011
100101010111010101000110
100101010111010101000110
010001010011100000100101
011111000110001000111110
011111000110001000111110
010000000011001100100000
010000000011001100100000
011010100101010100110100
011001110101001000110001
011001110101001000110001
100101100111011001000111
100101100111011001000111
001110100010110100011010
011001000100111100101110
011001000100111100101110
001111100011000100011110
010111100100101100101111
010111100100101100101111
100111110111111101010000
100111110111111101010000
010000000011001100100000
011010100101010100110100
011010100101010100110100
100110110111101101001100
100110110111101101001100
010000110011011000100011
100101010111010101000110
100101010111010101000110
001111100011000100011110
011111000110001000111110
011111000110001000111110
001111110011001000011111
001111110011001000011111
011001110101001000110001
011011110101101000111001
011011110101101000111001
100110100111101001001011
100110100111101001001011
010000100011010100100010
100110100111101001001011
100110100111101001001011
001110000010101100011000
010111100100101100101111
010111100100101100101111
100111010111110101001110
100111010111110101001110
001111010011000000011101
011011000101011100110110
011011000101011100110110
100101110111011101001000
100101110111011101001000
001111000010111100011100
100110110111101101001100
100110110111101101001100
001110110010111000011011
100110100111101001001011
100110100111101001001011
001110010010110000011001
001110010010110000011001
011001100101000100110000
011010110101011000110101
011010110101011000110101
100110100111101001001011
100110100111101001001011
001110000010101100011000
011010100101010100110100
011010100101010100110100
001111110011001000011111
011001010101000000101111
011001010101000000101111
100101110111011101001000
100101110111011101001000
001111000010111100011100
011010100101010100110100
011010100101010100110100
011000100100110100101100
011000100100110100101100
010000000011001100100000
100110000111100001001001
100110000111100001001001
001110110010111000011011
100110100111101001001011
100110100111101001001011
001110010010110000011001
001110010010110000011001
011001100101000100110000
011010110101011000110101
011010110101011000110101
100110100111101001001011
100110100111101001001011
001110000010101100011000
011010100101010100110100
011010100101010100110100
001111110011001000011111
011001010101000000101111
011001010101000000101111
100101110111011101001000
100101110111011101001000
001111000010111100011100
011010100101010100110100
011010100101010100110100
011000100100110100101100
011000100100110100101100
010000000011001100100000
100110000111100001001001
100110000111100001001001
010000010011010000100001
011011010101100000110111
011011010101100000110111
010111100100101100101111
010111100100101100101111
011011000101011100110110
011010000101001100110010
011010000101001100110010
011111000110001000111110
011111000110001000111110
010011000011110100100110
011011100101100100111000
011011100101100100111000
011011010101100000110111
011000110100111000101101
011000110100111000101101
011001110101001000110001
011001110101001000110001
001111010011000000011101
011010100101010100110100
011010100101010100110100
100101000111010001000101
100101000111010001000101
100111000111110001001101
001110100010110100011010
001110100010110100011010
010000010011010000100001
011011010101100000110111
011011010101100000110111
010111100100101100101111
010111100100101100101111
011011000101011100110110
011010000101001100110010
011010000101001100110010
011111000110001000111110
011111000110001000111110
010011000011110100100110
011011100101100100111000
011011100101100100111000
011011010101100000110111
011000110100111000101101
011000110100111000101101
011001110101001000110001
011001110101001000110001
001111010011000000011101
011010100101010100110100
011010100101010100110100
100101000111010001000101
100101000111010001000101
100111000111110001001101
001110100010110100011010
001110100010110100011010
001110100010110100011010
011001110101001000110001
011001110101001000110001
100101110111011101001000
100101110111011101001000
010000000011001100100000
011010110101011000110101
011010110101011000110101
011111000110001000111110
011111000110001000111110
010011000011110100100110
001111100011000100011110
001111100011000100011110
100100100111001001000011
011010000101001100110010
011010000101001100110010
100110000111100001001001
100110000111100001001001
001110110010111000011011
011001010101000000101111
011001010101000000101111
011111000110001000111110
011111000110001000111110
001111010011000000011101
011001110101001000110001
011001110101001000110001
010111100100101100101111
011010000101001100110010
011010000101001100110010
011111000110001000111110
011111000110001000111110
001111100011000100011110
011001000100111100101110
011001000100111100101110
011010010101010000110011
011010010101010000110011
011010000101001100110010
010000000011001100100000
010000000011001100100000
011010010101010000110011
011011000101011100110110
011011000101011100110110
011001110101001000110001
011001110101001000110001
001101110010101000010111
011001110101001000110001
011001110101001000110001
011010010101010000110011
011010010101010000110011
011001010101000000101111
011111000110001000111110
011111000110001000111110
010111100100101100101111
011010000101001100110010
011010000101001100110010
011111000110001000111110
011111000110001000111110
001111100011000100011110
011001000100111100101110
011001000100111100101110
011010010101010000110011
011010010101010000110011
011010000101001100110010
010000000011001100100000
010000000011001100100000
011010010101010000110011
011011000101011100110110
011011000101011100110110
011001110101001000110001
011001110101001000110001
001101110010101000010111
011001110101001000110001
011001110101001000110001
011010010101010000110011
011010010101010000110011
011001010101000000101111
011111000110001000111110
011111000110001000111110
