24'h00ffff 00
24'h000000 01
24'hff1313 10
24'hbb1313 11

20*20

00,
00,
00,
01,
01,
01,
01,
00,
00,
00,
00,
00,
01,
01,
01,
01,
00,
00,
00,
00,
00,
00,
01,
10,
10,
10,
10,
01,
00,
00,
00,
01,
10,
10,
10,
10,
01,
00,
00,
00,
00,
01,
10,
10,
10,
10,
10,
10,
01,
01,
01,
10,
10,
10,
10,
10,
10,
01,
00,
00,
00,
01,
10,
10,
10,
10,
10,
10,
01,
01,
01,
10,
10,
10,
10,
10,
10,
01,
00,
00,
01,
10,
10,
10,
10,
10,
10,
10,
10,
10,
10,
10,
10,
10,
10,
10,
10,
11,
01,
01,
01,
10,
10,
10,
10,
10,
10,
10,
10,
10,
10,
10,
10,
10,
10,
10,
10,
11,
01,
01,
01,
10,
10,
10,
10,
10,
10,
10,
10,
10,
10,
10,
10,
10,
10,
10,
10,
11,
01,
01,
01,
10,
10,
10,
10,
10,
10,
10,
10,
10,
10,
10,
10,
10,
10,
10,
10,
11,
01,
01,
01,
10,
10,
10,
10,
10,
10,
10,
10,
10,
10,
10,
10,
10,
10,
10,
10,
11,
01,
01,
00,
01,
10,
10,
10,
10,
10,
10,
10,
10,
10,
10,
10,
10,
10,
10,
11,
01,
00,
00,
00,
01,
10,
10,
10,
10,
10,
10,
10,
10,
10,
10,
10,
10,
10,
10,
11,
01,
00,
00,
00,
01,
10,
10,
10,
10,
10,
10,
10,
10,
10,
10,
10,
10,
10,
10,
11,
01,
00,
00,
00,
00,
01,
10,
10,
10,
10,
10,
10,
10,
10,
10,
10,
10,
10,
11,
01,
00,
00,
00,
00,
00,
00,
01,
01,
10,
10,
10,
10,
10,
10,
10,
10,
11,
11,
01,
00,
00,
00,
00,
00,
00,
00,
00,
00,
01,
10,
10,
10,
10,
10,
10,
11,
01,
01,
00,
00,
00,
00,
00,
00,
00,
00,
00,
00,
01,
10,
10,
10,
10,
10,
10,
11,
01,
01,
00,
00,
00,
00,
00,
00,
00,
00,
00,
00,
00,
01,
10,
10,
10,
10,
11,
01,
00,
00,
00,
00,
00,
00,
00,
00,
00,
00,
00,
00,
00,
00,
01,
10,
10,
11,
01,
00,
00,
00,
00,
00,
00,
00,
00,
00,
00,
00,
00,
00,
00,
00,
00,
01,
01,
01,
00,
00,
00,
00,
00,
00,
00,
00,
00,
00,
00,
00,
00,
00,
00,
00,
00,
01,
01,
01,
00,
00,
00,
00,
00,
00,
00,
00,
00